1 1556 -7262 -3950 294 270 -198
2 528 8356 372 246 727 92
2 0 0 0 0 0 0
1 0 0 0 0 0 0
2 0 0 0 0 0 0
1 0 0 0 0 0 0
1 0 0 0 0 0 0
1 0 0 0 0 0 0
2 0 0 0 0 0 0
2 0 0 0 0 0 0
2 0 0 0 0 0 0
1 0 0 0 0 0 0
2 1094 4218 658 726 -2150 -1940
1 474 -3012 -1042 527 -3990 967
2 44 1490 1870 -1429 -5352 -2717
2 1668 32767 4388 -8566 -18239 -2669
1 -346 -2674 -532 3153 -2049 103
1 30806 -32768 3024 9514 9455 -8178
1 18256 -32746 -8920 2479 -1510 -26928
1 8076 -11756 -4016 -7728 -14471 -21898
2 11038 32044 14280 2349 -17201 19835
2 5612 17888 1432 9968 -5667 25580
2 -30348 7056 8454 7563 -5166 32767
1 -17836 -15996 8118 -14144 -7407 -20216
2 -18492 -3184 9650 649 -5895 -7527
1 -15094 -2128 14234 257 -3840 -519
1 -6240 -7298 3478 8736 6513 12770
1 122 -10574 -2800 8790 746 19899
2 -5650 5876 4502 -4797 5784 -15482
2 -122 10502 2656 -5297 3692 -20052
1 6696 -32768 -7968 10395 -2840 29127
1 24896 -28524 -10058 4862 9671 24803
2 3252 32767 14036 -10256 23645 -25814
2 11160 25788 5264 -4009 9423 -12410
2 -2266 11748 3828 -465 -1375 1109
2 -1886 7098 1194 -488 9082 3679
1 -1528 -16220 -4722 766 14063 330
1 -1724 -5804 -1632 128 4577 1407
1 990 -4384 -2032 -3057 5241 -596
2 1902 5366 1480 2987 5735 1038

2 -96 7964 -564 -194 110 -78
1 -1482 -7144 -4146 177 -125 -119
2 0 0 0 0 0 0
2 0 0 0 0 0 0
2 0 0 0 0 0 0
1 0 0 0 0 0 0
2 0 0 0 0 0 0
1 0 0 0 0 0 0
1 0 0 0 0 0 0
2 0 0 0 0 0 0
2 0 0 0 0 0 0
1 0 0 0 0 0 0
2 -852 2800 -1102 879 -3227 -57
1 0 0 0 0 0 0
1 -1298 -2494 -2324 -1827 -652 322
1 -368 -6456 -3496 -3722 306 3904
1 8682 -19816 -16564 3425 11794 1592
2 -2838 8732 -1506 5805 -3255 -2587
2 19450 23418 -5016 -335 -1225 3201
1 -566 -27726 -17802 -4513 2669 -18805
2 10036 30540 -2314 46 5550 18584
2 -2416 8754 476 -2250 1101 17556
1 -4190 -7362 -2894 -12250 346 -12699
1 -6912 -3518 2716 -8626 5975 -7172
2 0 0 0 0 0 0
2 -11172 -672 -3762 525 -3742 3394
1 -8798 1488 6244 -1656 5229 -4437
2 -9180 322 -2342 2810 2744 -6968
2 -4622 7102 -2624 4991 -4236 -12891
1 -6544 -928 3146 1307 -3600 3955
1 -5194 -2900 -1040 2546 -8516 8420
2 7702 29540 -4770 -6572 11778 -24929
2 17982 23890 8 2530 5795 -8928
1 -442 -20308 -18646 24791 -1910 16523
1 3076 -20508 -16614 5933 -7929 2963
1 2222 -11070 -7836 517 2433 2701
1 -346 -1634 -2728 -2149 -7134 -4162
2 3162 11672 -90 -609 2040 -1713
2 2326 2178 -1530 -263 -6181 2158
1 -976 -5500 -4140 4 1942 789

1 1442 -7352 -3578 -167 832 228
2 -26 8128 270 226 -448 -29
2 0 0 0 0 0 0
1 1090 -7556 -3452 -181 50 -443
1 0 0 0 0 0 0
2 0 0 0 0 0 0
2 0 0 0 0 0 0
1 0 0 0 0 0 0
1 0 0 0 0 0 0
2 0 0 0 0 0 0
2 0 0 0 0 0 0
2 1204 6520 632 -2 -1333 -1505
1 0 0 0 0 0 0
1 232 -5470 -3054 1820 -3156 354
1 -614 -1236 490 1770 -111 1792
2 -690 1140 1034 -60 -4366 -4529
1 -1722 -5716 -2244 6204 315 -1163
2 -1472 3504 1908 -1681 -4629 -2597
2 -3648 29072 6444 -3592 -17802 -5059
2 9654 25806 13994 -8448 -20672 10396
1 16000 -24710 3326 3691 -2053 -2831
1 21254 -29594 1254 10371 -2548 -20943
2 8354 16220 2866 669 -16879 18897
1 4590 -16946 -1708 -11435 -32768 -22169
1 -218 -12338 5080 -16474 10268 -12394
2 -14862 8292 8946 11477 -24443 6607
2 -15024 -3002 8166 5620 -7790 394
2 0 0 0 0 0 0
1 -8704 -6848 9146 -5240 -3500 -9845
1 0 0 0 0 0 0
2 -4990 6092 4562 -8529 8438 -11418
2 -952 17032 3816 -8661 12667 -20480
1 -4690 -10206 3036 10358 7530 15764
1 2164 -24226 -3578 8929 2864 26821
1 28592 -32768 -5396 2809 6028 28391
1 -14086 -11932 2470 2961 -13892 636
2 12572 29984 8212 133 7738 -19225
2 -1786 17772 5806 2927 -11081 -13386
2 -5610 8362 2014 -1410 4582 1146
1 -7272 -9732 -1338 4321 3343 1144

1 -2198 -6894 -4016 -30 1361 554
2 -200 8170 -1420 -521 3251 -270
2 208 8344 -1056 97 -280 427
1 0 0 0 0 0 0
2 -650 8104 -1082 -14 -40 389
2 0 0 0 0 0 0
1 0 0 0 0 0 0
1 0 0 0 0 0 0
1 0 0 0 0 0 0
2 0 0 0 0 0 0
2 0 0 0 0 0 0
2 0 0 0 0 0 0
1 0 0 0 0 0 0
1 0 0 0 0 0 0
2 210 2476 -1330 2948 -404 -93
2 98 10140 -1220 2159 -1271 23
1 -1010 -2014 -2350 -3246 -1441 1390
1 674 -8022 -4326 102 1225 247
2 8426 20792 -710 -3492 13444 2331
2 5012 22986 -1848 -1688 -2715 13410
1 -982 -19868 -8398 2263 -4467 -6262
1 4912 -21626 -11114 642 5552 -10840
2 -116 11658 -2816 -3058 -10059 13571
1 -1308 -12364 -8026 -3058 -7522 -19953
2 -1160 3082 344 107 4342 11909
1 -3366 -4364 -2104 -10914 -966 -7808
1 -4136 -2376 3230 -8241 3331 -6564
1 -8902 52 6418 -2919 -2663 -4276
2 -7932 3826 -1496 -3964 11103 12581
2 -15296 -234 -1246 2771 -5418 3008
1 -5434 -2256 224 -783 -2274 6877
1 -6856 -9004 -5116 7311 -13471 16686
2 -7720 1434 -1410 7121 -2062 -6929
2 -2574 18746 -3950 2490 -7810 -25088
1 5894 -25884 -26276 22089 -173 16456
2 22890 32767 -4608 -5534 20672 -21179
2 11344 15648 -2190 -2681 -4340 -1369
1 2040 -14594 -15846 5650 -8677 -1132
2 1088 11948 -2538 -2283 861 2142
1 -1300 -10362 -8384 1455 2812 -1504

2 1240 8238 524 1625 2102 -844
1 1372 -8122 -4376 2907 -7581 -6177
2 1510 8086 444 959 2494 -114
1 26 -7542 -4018 406 -6090 -3765
2 1242 7862 246 -227 339 309
2 0 0 0 0 0 0
1 -20 -6938 -4028 -434 -1 -350
1 0 0 0 0 0 0
1 0 0 0 0 0 0
2 736 6532 352 -856 -2743 -1418
2 570 3100 564 -224 -4791 -3537
2 1874 8240 2160 -2579 -6591 -1730
1 0 0 0 0 0 0
1 4650 -7716 -2824 4132 6967 -1724
2 4728 24276 5424 -3420 -12205 -921
2 9848 26608 5846 -5664 5324 12618
1 15552 -21380 -2222 6637 -6709 -10234
1 18620 -24610 -5916 4653 -163 -19049
1 1614 -7060 -2274 -9777 -24438 -17338
2 1044 6324 1610 -1684 -13399 18532
2 0 0 0 0 0 0
1 -3890 -7138 3664 -15182 166 -9908
2 0 0 0 0 0 0
2 -2878 -1822 4354 10406 -8676 -128
1 0 0 0 0 0 0
1 -4374 -246 5796 -9937 -14217 -2286
2 1684 -4152 652 -502 360 1519
1 -980 7080 6550 2608 7750 -293
2 6504 1088 -5080 -12019 -11991 -15098
1 1534 -2136 -2162 19726 17497 12600
1 15596 -15628 -8634 14136 5148 21385
1 16226 -15372 -7946 6877 4577 19869
2 3800 21562 -7034 -26340 13664 -2108
2 4218 14132 -3640 -11714 12165 -5817
1 9512 -10698 -7008 1138 459 14712
1 17418 -4972 3680 -11110 21847 9369
2 2136 11666 -166 -2856 19941 -5906
2 13104 2196 9380 4750 32666 7108
2 3264 5278 1822 1589 -11277 -1386
1 3280 -6310 -3520 -1489 -9034 -1600

1 -1370 -7156 -4166 -58 -14 27
2 -188 7994 -1190 -28 107 -11
1 0 0 0 0 0 0
2 -156 8042 -1206 -85 155 -59
2 0 0 0 0 0 0
1 0 0 0 0 0 0
1 0 0 0 0 0 0
1 0 0 0 0 0 0
2 0 0 0 0 0 0
2 0 0 0 0 0 0
1 -978 -4644 -3004 -1498 2725 2439
1 -1160 -7466 -4238 0 1021 490
2 0 0 0 0 0 0
2 -404 8956 -1382 -676 -3779 -255
2 4692 15184 -416 -2920 6616 -1396
2 12992 23182 3988 -2728 2711 10426
1 158 -12840 -6026 2258 -2556 -2323
1 4364 -20144 -10254 1817 17427 3055
1 -600 -16120 -7896 1098 -3339 -17397
1 -2238 -6158 -3326 -2996 -8185 -20004
2 4124 19476 -1112 -7476 -5846 17457
2 -852 5774 -910 -3746 -13297 12345
2 -4250 3318 -3852 453 4146 9828
2 0 0 0 0 0 0
1 -4414 -1260 -1558 -6461 -125 -8606
1 -3622 -1024 1132 -9036 822 -3251
1 -2716 -444 1868 -7462 -2509 -888
1 -3602 -5646 -838 2553 -6753 2549
2 -5626 678 758 7546 -2534 1271
2 -6496 7326 450 4150 -14494 -8474
1 -240 -10354 -12762 19954 -8703 10015
1 11024 -18730 -20934 13820 -4476 6729
2 4646 22942 -2798 -13171 9168 -30380
2 15568 23724 -3398 -1112 -12799 -12786
2 9640 13978 -1970 -727 -4781 -2722
2 1788 7498 -1042 -395 79 278
1 1106 -10200 -10014 1795 -7830 -649
1 -414 -7164 -4038 1226 4559 3436
2 1388 2228 -1078 866 2386 367
1 92 -2814 -3242 -1649 4725 4350

2 1086 7912 290 798 344 -807
1 1856 -7316 -4260 2226 -99 -1934
1 1508 -7544 -4330 1316 -904 -1670
2 1630 8252 276 -124 1160 -206
2 0 0 0 0 0 0
2 0 0 0 0 0 0
1 1136 -7226 -4042 235 -1065 -570
1 0 0 0 0 0 0
1 0 0 0 0 0 0
2 0 0 0 0 0 0
1 0 0 0 0 0 0
1 0 0 0 0 0 0
2 0 0 0 0 0 0
2 1336 5832 752 -1266 -3270 -2419
2 610 2690 770 -1345 -3876 -4128
2 -1178 6700 1354 -3498 -2952 239
1 0 0 0 0 0 0
1 1378 -9070 -2214 3929 10119 -1487
2 5372 26214 9432 -3597 -4546 3520
2 9292 19846 9550 940 -4530 7930
1 17454 -25020 3510 7767 -20856 -11163
1 0 0 0 0 0 0
2 5474 6170 2506 417 -5832 18481
2 -1902 8810 2860 589 -14666 14019
1 4110 -6084 -1276 -6667 -17537 -12487
1 -386 -9396 1620 -11556 -10506 -12177
1 -4806 -2488 6388 -5055 -5456 -10501
1 -7412 -2446 3694 410 -5453 -6167
2 0 0 0 0 0 0
2 -9412 -516 4932 1543 -1349 2785
2 0 0 0 0 0 0
1 0 0 0 0 0 0
2 4930 12538 -490 -13964 24278 -8498
1 4146 -8302 -3228 8139 19787 23490
2 15622 17524 4578 -2774 13247 -14486
2 8400 12812 3936 657 3248 -8833
1 17374 -16722 -832 -383 -11113 24613
1 15798 -13668 -4280 2210 6169 14602
2 4510 10538 2668 296 9609 -1393
1 9092 -11124 -2450 -335 1543 7627

1 -1666 -7388 -4486 2141 -1396 -1384
2 0 0 0 0 0 0
1 -2054 -7122 -4320 724 -248 -363
2 0 0 0 0 0 0
1 0 0 0 0 0 0
2 0 0 0 0 0 0
1 0 0 0 0 0 0
2 0 0 0 0 0 0
1 0 0 0 0 0 0
2 0 0 0 0 0 0
2 0 0 0 0 0 0
1 0 0 0 0 0 0
1 0 0 0 0 0 0
2 0 0 0 0 0 0
2 -100 1530 -240 3896 -4105 621
2 3796 11138 -1566 900 -2365 1302
1 -926 -1736 -2020 -3649 754 1873
1 -216 -8030 -5474 -580 -1249 -189
1 4190 -19674 -10728 -1518 -1406 -9591
1 3402 -24914 -14982 -5850 1055 -15000
2 11010 22314 4414 -2831 -13584 8173
2 4124 32684 -1238 -7545 -9418 18747
1 -3602 -7632 -5384 -10786 -3811 -15689
2 -3584 7960 -1606 902 -12510 18338
1 0 0 0 0 0 0
2 0 0 0 0 0 0
2 -12978 -900 -1470 -1016 -299 3823
1 -7792 1850 4544 146 5179 -3261
2 -6752 2234 -1226 3527 -5412 -5789
1 -5494 -708 1580 -675 -2430 2576
2 -2524 2642 -472 2780 -3437 -11846
1 -3016 -806 -452 -2226 -7786 4504
2 1326 25580 -1114 -9136 1883 -24478
1 -5912 -14920 -10162 13342 -13951 8880
1 6584 -28304 -24084 20809 16906 18013
2 12640 23952 -1994 -2103 7506 -10998
2 8872 15298 1140 874 5269 -1875
1 1058 -14086 -11750 1917 -6354 -539
1 -490 -8558 -5452 2130 9278 2468
2 858 9238 -204 -679 193 2623

1 1692 -7124 -3994 -1647 -832 -27
2 792 8544 -152 -1560 -80 817
1 1612 -7012 -3858 -1154 -249 402
1 0 0 0 0 0 0
2 910 8426 -230 161 -312 84
2 0 0 0 0 0 0
2 0 0 0 0 0 0
2 0 0 0 0 0 0
1 0 0 0 0 0 0
1 0 0 0 0 0 0
2 0 0 0 0 0 0
1 1432 -5554 -2232 2232 -4515 405
1 734 -1218 -434 4143 -4910 115
2 570 932 320 -1173 -6558 -5271
2 -2082 5928 1178 -4952 -3896 -1535
2 3802 32767 9494 -5087 -2803 2522
1 304 -8160 -2778 6077 3131 -2449
1 19534 -25424 6618 8458 -13452 -9165
2 7628 20392 6672 -258 9753 10868
2 5310 9832 3292 -3646 -15751 22304
1 21724 -21960 976 10466 -503 -20207
1 2676 -7494 516 -5990 -26101 -22293
2 -17488 10976 5396 12888 -25264 17358
1 -10566 -6368 4498 -5529 -12521 -17095
2 -8740 -1368 5536 967 13419 5766
1 -10334 -1140 6928 -1364 1198 474
2 0 0 0 0 0 0
1 -4666 -3052 3456 3342 8104 9108
1 -1032 -5114 -1610 3994 2758 14575
1 16236 -17576 -4300 4165 15405 25689
2 814 7166 1466 -3003 7806 -13790
1 15130 -18426 -3928 39 4970 16424
2 6224 25394 7590 -4461 16606 -19184
2 7574 19502 4154 -1126 925 -11094
1 7542 -14614 -4620 -391 3289 7926
2 4150 13714 3710 -622 6409 976
2 100 11244 2030 952 -2070 1313
1 3802 -11146 -2118 -3388 5290 4576
1 2824 -6046 -2410 -4382 4923 -663
2 992 6472 1400 2307 7253 4195

2 -166 8038 -1318 -228 36 18
1 -1614 -7118 -4180 38 120 85
1 -1626 -7136 -4162 -54 45 -21
2 0 0 0 0 0 0
1 0 0 0 0 0 0
2 0 0 0 0 0 0
1 0 0 0 0 0 0
1 0 0 0 0 0 0
2 0 0 0 0 0 0
2 0 0 0 0 0 0
1 -160 -2918 -3002 -1433 635 431
1 -306 -2642 -2106 -2521 4379 2554
2 876 3242 -1050 1407 -1228 644
2 626 3252 -328 3071 2904 967
1 -1882 -13642 -7358 1535 -4067 -2262
1 3654 -29168 -15986 -248 5090 3194
2 24 16078 -3568 -1647 -7470 -1008
2 17182 31708 -6394 4009 5725 7177
1 404 -18000 -15338 -11970 -434 -24013
1 -7738 -6720 -3460 -9282 12601 -14883
2 5568 21280 -3394 -1054 -962 21668
2 -4636 7836 -86 -9537 8445 17979
2 -10408 3154 -3518 -7743 528 10045
1 -9152 -3550 1212 -4313 6259 -8859
1 -4624 -1464 4698 -6210 -388 -817
2 -6448 -710 -1736 2285 -6722 2357
1 0 0 0 0 0 0
2 0 0 0 0 0 0
1 -3272 -1176 -210 535 -4162 6331
2 -5244 1560 -300 1751 723 -9587
1 -872 -8722 -11402 13537 -12330 10945
1 11098 -21514 -20850 22276 4098 16743
2 6008 22652 -1042 -2160 1680 -29249
2 19206 29262 -3044 -314 6122 -15424
1 1748 -15674 -14540 11004 -13962 -6211
1 -1708 -11492 -9188 -759 -4244 -1495
2 6164 16142 -3232 864 -9719 -2845
2 1694 11038 -1166 -1368 5945 428
2 900 5566 -1544 -1428 6573 354
1 -1448 -4714 -4624 -5754 -300 1207

1 1996 -7198 -4332 3371 796 -995
2 1436 8316 210 -2221 -2080 321
2 2584 8464 -250 -1432 644 1227
1 0 0 0 0 0 0
1 1460 -7426 -4420 563 -1920 -1522
2 1484 8118 -88 -724 -5134 -898
2 530 8240 -116 39 -1080 -123
1 0 0 0 0 0 0
1 0 0 0 0 0 0
2 0 0 0 0 0 0
2 0 0 0 0 0 0
1 0 0 0 0 0 0
1 1874 -2326 -956 1808 -4111 -2468
2 1876 2604 954 90 -4723 -2196
1 4524 -8358 -1198 3987 571 -4516
2 192 7846 1432 -2660 -4547 -451
2 13908 28300 7750 -1710 -4149 5367
1 21862 -22450 -2032 8773 2065 -10875
2 9558 19260 3822 -3994 -7370 17361
2 -7920 7118 6664 3467 -26915 13073
1 9858 -17308 -5110 248 -12479 -16328
1 -1472 -7760 -2692 -7857 -10214 -17328
1 -6624 -4502 4462 -7146 -3608 -8952
1 -9796 -2468 6602 359 -1415 4006
2 -14066 -612 8526 7304 -14624 5636
1 584 -7292 -1476 2556 3628 14713
2 -7360 -2006 6528 -4920 5537 -6227
2 1480 8286 1540 -7914 9278 -10971
1 11274 -19276 -6922 3334 19403 26842
2 10778 21504 4248 -6176 19877 -14655
1 13818 -20430 -6344 2995 3784 16908
2 12032 16682 5292 1369 12557 -7560
2 8240 9790 3170 2720 12086 -1436
2 1760 6500 76 1292 -1412 637
1 15702 -10804 688 -5507 12920 18834
1 6072 -7074 -6542 -938 9855 -2147
1 1440 -5406 -1822 715 -7175 -7144
1 0 0 0 0 0 0
2 0 0 0 0 0 0
2 0 0 0 0 0 0

1 -1338 -7180 -4580 1805 260 -405
2 -92 7932 -1460 267 -84 111
1 -1602 -7190 -4516 839 314 -228
2 -10 7932 -1460 124 133 76
1 0 0 0 0 0 0
1 0 0 0 0 0 0
2 0 0 0 0 0 0
2 0 0 0 0 0 0
1 0 0 0 0 0 0
1 0 0 0 0 0 0
2 0 0 0 0 0 0
2 0 0 0 0 0 0
2 0 0 0 0 0 0
1 0 0 0 0 0 0
1 1546 -2642 -3150 -3032 -4988 -3448
1 -512 -118 -232 -4024 1960 4208
2 394 1904 -608 -1013 -7329 1308
2 0 0 0 0 0 0
1 -586 -17462 -10932 9349 5686 1596
1 2150 -29508 -13990 1547 7808 2800
2 774 19428 -1502 -2308 -2981 -946
2 14866 29610 4892 -337 4791 6646
2 3576 23378 1462 -7785 376 20802
2 -7602 7132 -1538 -1883 -10058 18439
1 5244 -23320 -12854 -530 -1795 -18592
1 -5838 -8226 -90 -19205 -6684 -20595
1 -11250 -3598 6968 -4891 9689 -8397
2 -7344 3340 -4902 -3704 -1377 8155
2 -8362 36 -1848 610 4223 1819
1 -8598 58 4818 127 656 -2210
1 -6188 -446 2522 2459 -218 6210
1 -5080 -6388 -3468 429 -3170 12778
1 1832 -15670 -4430 2153 -12378 15662
2 -8960 2042 -814 2408 2123 -6681
2 -3748 9294 -620 5397 -881 -13425
2 -1398 25908 1620 4634 -6740 -24381
1 3574 -25498 -16396 19563 -9360 7942
2 17914 27968 -3284 -2603 97 -13165
2 7324 15674 -1124 -399 -1444 -382
1 2772 -14522 -14252 2197 -5407 -158

2 2230 8854 -148 -5258 4580 117
1 2166 -8638 -4164 -1738 4104 6182
1 0 0 0 0 0 0
1 10494 -5476 -7060 219 896 1379
2 0 0 0 0 0 0
2 0 0 0 0 0 0
1 0 0 0 0 0 0
2 0 0 0 0 0 0
2 472 8062 -108 -636 -573 490
1 0 0 0 0 0 0
1 568 -6484 -3288 2568 -7555 -3515
1 -600 -2888 -756 2395 -8249 -1674
2 0 0 0 0 0 0
2 248 3436 740 2021 -4006 -5078
1 -1100 -5350 -1442 4762 -1766 -1133
1 7400 -22616 -3252 6150 18348 -506
2 0 0 0 0 0 0
2 786 24104 3170 -5855 -6755 -2332
2 5302 30756 8670 4471 15576 12094
1 15412 -26646 4396 7439 -29602 -20039
2 14210 14854 6282 -4480 -2582 26563
1 9268 -11192 -2730 -3468 -1629 -19247
1 -10742 -17900 6338 -8332 -2748 -20514
2 -16746 15072 17048 8191 -32768 14705
2 -8350 128 10424 7122 -3363 3858
1 -10720 -5318 7708 -724 -12250 -5349
2 -7760 -1274 6174 -2607 5560 -3723
1 -6084 -2626 7430 2047 2229 4767
1 -2674 -6836 -716 7708 12396 12658
2 192 5388 -1106 -9041 4499 -11474
1 10038 -14788 -6998 5281 2762 20127
1 19476 -19918 -5880 1205 8528 20331
2 9744 21712 -1600 -7210 20480 -8694
2 0 0 0 0 0 0
2 4472 13442 2236 -2684 6658 -7504
2 2720 11086 2454 234 6141 -1796
1 8870 -16654 -3782 -529 -2555 10451
1 5456 -8952 -1688 -2295 4033 4707
1 1006 -5226 -2866 -1184 3484 -2409
2 4102 5278 1522 2201 3229 605

1 -1306 -7222 -4232 -85 -380 -210
2 -226 8196 -1328 -653 200 -391
2 -140 8062 -1220 -270 350 -299
2 0 0 0 0 0 0
1 -1708 -7172 -4034 -667 -78 -198
1 0 0 0 0 0 0
1 0 0 0 0 0 0
1 0 0 0 0 0 0
2 0 0 0 0 0 0
2 0 0 0 0 0 0
2 0 0 0 0 0 0
2 0 0 0 0 0 0
1 0 0 0 0 0 0
1 0 0 0 0 0 0
1 0 0 0 0 0 0
1 0 0 0 0 0 0
2 0 0 0 0 0 0
2 626 3468 -450 -186 -1650 -448
1 466 -3666 -2738 -3812 1877 3136
1 2842 -15472 -6838 1198 -9478 -8649
2 0 0 0 0 0 0
2 4432 17616 646 -2334 -9410 3914
1 7314 -28252 -14172 1558 -1814 -13304
1 -2456 -19478 -9360 -12755 -10193 -20993
2 12578 32767 -5094 1828 -15 17086
2 148 23168 -7608 9919 2640 18486
1 -2366 -2808 -1954 -16385 -1424 -4274
2 -5040 -2840 5070 7290 13183 17334
2 -5450 -1940 3252 -9413 6288 9710
1 -2310 -2174 3698 -7352 14200 -2264
2 -9346 2928 -1766 -15419 10880 -376
1 -10152 -500 7564 -656 2209 -5643
2 -7920 72 -2022 -2845 3473 -6077
1 -5674 -520 4444 709 -544 3028
1 -3322 -2538 226 1034 -7667 6034
1 -8824 -19262 -7978 16063 -14946 16161
2 -4922 4838 -648 -1572 -5506 -11872
2 -3182 29938 1316 -130 4378 -29563
1 18198 -29050 -25898 15301 8753 20824
2 22342 28426 6296 6012 7522 -14621

2 0 0 0 0 0 0
1 2308 -7728 -4076 2207 -3475 -5193
1 636 -7588 -3930 1691 -6953 -4118
2 0 0 0 0 0 0
1 388 -7278 -3928 237 1212 -716
1 0 0 0 0 0 0
1 0 0 0 0 0 0
2 280 7926 400 1162 -303 -11
2 0 0 0 0 0 0
2 0 0 0 0 0 0
1 0 0 0 0 0 0
2 0 0 0 0 0 0
2 -376 2274 1264 -74 -5319 -5970
1 0 0 0 0 0 0
1 1108 -15932 -3552 7478 7193 -2504
2 -4046 14778 3388 -6999 -4245 -75
1 17574 -25408 2462 5069 -6025 -5874
2 2746 25920 7286 -5749 10497 905
1 16552 -21896 -1252 5731 850 -17876
1 8434 -8250 -5270 -3263 -20544 -23343
2 0 0 0 0 0 0
2 8848 10786 3340 -2285 -14479 26030
1 -7248 -13250 4812 -12392 -10289 -18302
2 -22916 10098 10760 16463 -32768 12055
2 -8554 -3272 10860 2223 -1000 -1578
2 -9062 1580 6408 -8573 8038 -8478
1 -14254 -2846 12518 -1881 -7099 -1484
1 -7050 -5710 8718 8630 -4227 9241
2 3000 8000 2128 -6895 12223 -13129
1 7756 -10814 -2060 7919 15682 17930
1 13552 -28788 -3762 11171 13025 25326
1 21856 -18468 -7042 2082 -579 14972
2 11400 24826 7026 -4468 7984 -17197
2 11808 22702 8152 -4585 19890 -5760
2 6896 11632 3578 -389 491 -71
2 1470 5668 1510 824 5334 2323
1 6984 -9016 -2564 -2752 7045 7440
1 516 -4608 -1860 -378 374 -1425
1 0 0 0 0 0 0
2 -16 3758 1638 1982 395 1013

2 -386 8136 -848 -291 236 -112
1 -1954 -7162 -3992 38 21 4
1 0 0 0 0 0 0
1 0 0 0 0 0 0
2 -394 8032 -794 -97 227 -33
2 0 0 0 0 0 0
1 0 0 0 0 0 0
2 0 0 0 0 0 0
2 0 0 0 0 0 0
1 0 0 0 0 0 0
1 0 0 0 0 0 0
1 -2026 -2632 -2504 -648 1133 1237
2 0 0 0 0 0 0
2 340 2872 -670 -425 -1383 -156
2 0 0 0 0 0 0
1 932 -4948 -1812 -272 9854 5844
2 5914 26034 2316 536 -7542 1080
1 -3292 -22090 -10854 -357 -8135 -4571
1 2192 -25528 -14434 -5459 -1841 -15926
1 -876 -6576 -5824 -10162 -3370 -18399
2 4922 32767 5410 -4310 -6984 18519
2 -1190 8916 1188 -994 -13821 19334
1 0 0 0 0 0 0
1 -8376 1450 6770 -6276 5263 -3499
2 0 0 0 0 0 0
2 -13966 886 -3092 -1568 -4098 9269
1 -7820 -566 4848 -3614 -1620 3653
1 -5282 -4680 142 390 -3572 10641
2 -12418 306 34 3519 -934 -7391
2 -4494 6808 264 6261 153 -16126
2 674 23196 -2042 1435 -9780 -28583
1 224 -11500 -10466 10705 -11798 18395
1 13528 -20940 -21622 17622 -5237 13094
2 13818 29284 -5170 -4375 8862 -16821
2 7238 16410 -3202 -1895 -5665 -752
2 666 10486 -1572 -411 92 3332
1 498 -14594 -14530 6785 -13188 -6813
1 -956 -10308 -7606 724 358 1487
1 -152 -4372 -3218 -2627 1097 1054
2 -536 5632 -1140 794 491 3564

2 740 8090 444 311 245 -27
1 1200 -7342 -3814 1960 440 -861
2 0 0 0 0 0 0
1 0 0 0 0 0 0
2 0 0 0 0 0 0
1 0 0 0 0 0 0
1 882 -7484 -4114 -795 2356 703
1 0 0 0 0 0 0
2 0 0 0 0 0 0
2 0 0 0 0 0 0
2 0 0 0 0 0 0
2 -58 6730 872 -641 -1506 -1391
1 0 0 0 0 0 0
1 2016 -5202 -1598 1684 -4408 -934
1 -1746 702 3448 3678 8025 815
2 272 -4374 3072 529 -10253 -2825
1 17036 -32768 196 13078 -5560 2900
2 2704 30108 7960 1035 -32768 -16125
2 30470 28708 13266 -13247 -6224 25136
2 2898 25382 18052 7523 -21303 26921
1 24514 -29536 -5256 6176 -24877 -23749
1 14750 -27178 6968 -9431 -17479 -32768
2 -32768 -10902 17688 -1607 29132 14343
2 -12294 8260 5274 -7548 7137 -17398
1 -32768 -6422 10084 -4519 -6171 -11726
1 -10674 -11202 3510 8454 24 17230
1 -5832 -26880 -2516 12424 57 30290
2 -7276 19292 4248 -9921 8955 -25584
1 32767 -32768 32767 8724 32767 32767
2 32767 32767 -32768 -4934 8245 -7629
1 -17332 -19250 -7854 2002 -5417 -10074
1 180 -7724 -3632 -1201 -9462 3578
2 -18444 12074 2738 -2396 6621 10872
2 -3900 8624 4384 1823 -4346 964
2 -1452 2558 -640 85 1415 1046
1 922 -4256 -3540 -848 4447 -2789
2 -2314 9556 1764 66 2364 -169
1 -3344 -9564 -3282 -1735 334 564
1 0 0 0 0 0 0
2 0 0 0 0 0 0

2 14 8160 -1032 823 823 186
1 -1978 -7150 -3878 139 -307 -362
2 0 0 0 0 0 0
1 0 0 0 0 0 0
2 0 0 0 0 0 0
2 0 0 0 0 0 0
2 0 0 0 0 0 0
1 0 0 0 0 0 0
1 0 0 0 0 0 0
1 0 0 0 0 0 0
1 0 0 0 0 0 0
1 0 0 0 0 0 0
2 0 0 0 0 0 0
2 0 0 0 0 0 0
1 0 0 0 0 0 0
1 0 0 0 0 0 0
2 0 0 0 0 0 0
2 0 0 0 0 0 0
1 0 0 0 0 0 0
1 0 0 0 0 0 0
2 0 0 0 0 0 0
2 0 0 0 0 0 0
2 0 0 0 0 0 0
2 -1592 9334 -662 77 -2297 -781
1 0 0 0 0 0 0
1 -2666 -7272 -4758 1025 464 224
1 -5060 -12982 -7952 691 -6217 -499
2 -968 15460 -2046 -563 -5006 -1475
1 -1642 -21846 -9846 2000 13852 5077
2 7800 23124 6696 -1141 2430 760
1 -1774 -19764 -8748 2425 -2648 -15325
1 5138 -13562 -7184 -18749 -1631 -16868
2 8252 25538 4152 -7275 -1042 13521
2 8552 13770 5948 2307 -19955 24937
2 -26546 8742 878 -3212 21196 27460
1 -10334 -7480 3610 -7620 22409 -19703
2 -22634 -3854 -4310 -526 10687 -1727
1 -19636 -180 7688 4546 8926 5892
2 -15346 10180 -2066 7257 7004 -21200
1 -14120 -7164 -2884 -718 -11404 17326

1 0 0 0 0 0 0
2 404 8162 378 -18 -314 -439
1 654 -7264 -3978 -358 -752 -105
2 0 0 0 0 0 0
2 0 0 0 0 0 0
2 0 0 0 0 0 0
1 0 0 0 0 0 0
1 0 0 0 0 0 0
1 0 0 0 0 0 0
1 0 0 0 0 0 0
2 0 0 0 0 0 0
2 0 0 0 0 0 0
2 576 5230 836 -488 -1685 -2504
1 350 -4472 -1296 2890 -2074 24
2 -6468 -32 5108 -1943 -6669 -5476
1 -5302 -4506 3546 5463 -5270 -356
1 14284 -22970 -1928 5748 -32768 -2840
2 -3190 20210 3670 3326 -24423 -12520
2 17292 29094 10382 -1786 22595 16925
1 32767 -32768 -464 14175 -21163 -29939
1 20068 -18974 -4402 -5372 2755 -32768
2 7704 25860 19480 -9242 -15549 32767
1 -23758 -19676 11466 -8438 -4950 -20182
1 -29880 -16336 15114 7800 9199 20454
2 -32768 -5888 18388 5037 -19775 9180
2 -25498 7570 13926 -11040 6058 -23939
1 -10776 -32768 2302 17290 8635 32767
1 32767 -32768 -32768 -10779 10194 32767
2 14968 32767 17082 -3667 27783 -31564
2 -23092 20870 -938 3175 -22375 -32768
2 -3790 14518 5480 3115 13663 6080
2 -674 5550 1502 1076 8808 3354
1 -14904 -18774 -3254 -6 1805 -5966
1 -3306 -5096 -488 -475 3945 4383
1 3098 -4270 -1000 -138 1686 -406
2 0 0 0 0 0 0
2 -2294 9710 3078 1686 1169 220
1 -1408 -9712 -3112 -893 -189 401
2 0 0 0 0 0 0
1 1158 -7984 -3300 -1229 1005 334

2 298 6922 -1024 -1005 106 -569
1 -2032 -6526 -3890 -3675 1512 3381
2 -4 9440 -1658 -3674 2023 -234
1 -1342 -7498 -4382 -1304 2189 2300
2 -312 8406 -1512 -1948 -858 -375
2 0 0 0 0 0 0
1 0 0 0 0 0 0
2 0 0 0 0 0 0
1 -1392 -6848 -3936 -4041 -20123 -9591
1 -4050 -6542 -5006 -169 -2425 -4491
2 0 0 0 0 0 0
2 0 0 0 0 0 0
1 0 0 0 0 0 0
1 -1652 -3382 -4300 -2859 1818 308
1 -1706 -918 -232 -1649 6235 3972
1 -1816 -4992 -1846 1514 4291 6668
2 0 0 0 0 0 0
2 -1968 6596 1066 2611 2862 19
2 1876 15368 -3266 198 -4113 -916
2 3156 20746 44 -3253 1313 -244
1 -2898 -10396 -10310 2973 -5427 -1910
1 -2896 -19138 -12264 4290 8899 3847
1 -1916 -21126 -15990 -8790 2932 -10128
2 9482 26446 -4712 209 4367 15325
2 -1930 15694 -2410 -1748 -2302 23393
1 -3700 -11232 -6614 -8876 11980 -15699
2 -5698 32 642 -2604 -377 11863
2 -5682 1134 146 -4611 1029 5833
1 -2466 -738 244 -1481 8143 -14083
1 -6138 -2940 86 808 1492 -13624
1 -7812 1054 2302 -2353 -6825 -5930
1 0 0 0 0 0 0
2 -3956 -760 -1576 89 -2714 2915
2 0 0 0 0 0 0
2 -3976 1934 -922 6736 -1329 -4475
2 -412 6400 -1334 4052 -6088 -15170
1 -5602 -2678 -3314 -8303 -8195 10437
1 570 -238 -3420 2297 -13371 13614
2 10238 16824 -3466 -13529 1702 -20256
1 2888 -8184 -10966 25445 -6910 10641

1 1826 -7172 -3910 -1187 710 -735
2 164 8286 394 291 -1470 -299
2 0 0 0 0 0 0
1 0 0 0 0 0 0
2 0 0 0 0 0 0
1 0 0 0 0 0 0
1 0 0 0 0 0 0
2 0 0 0 0 0 0
2 0 0 0 0 0 0
1 0 0 0 0 0 0
1 1310 -5762 -3328 2469 -2292 962
1 1344 226 -566 1859 -6052 364
2 0 0 0 0 0 0
2 1296 -454 1862 610 -1366 -2962
1 854 -5336 -1586 5517 -2015 -3249
2 -3452 7336 2756 -7340 -10598 -1719
1 29484 -21654 8002 5196 17362 -1572
2 2390 29850 2858 393 3110 -5374
2 20836 19162 13190 397 3089 23340
2 -17534 16824 11108 4148 -32768 13181
1 19638 -19790 1638 4744 -23841 -20645
1 5354 -26656 -7030 -695 -14462 -29473
2 -13226 -12040 11580 -4133 25020 19620
1 -21252 -3192 11782 -7039 -12878 -7242
2 -14324 -1094 8676 -7391 2779 -11029
1 -13802 -8524 15132 6763 9377 13724
1 -5186 -28586 3242 13264 12205 30383
1 32767 -32768 -16884 -249 7488 32767
2 -4394 14858 3062 -8776 8014 -23010
2 5176 32767 5396 -4069 16745 -21707
1 2368 -5006 -2548 -610 32051 -9586
1 -5674 -3772 -1676 -187 -7195 -1906
2 -4748 4964 3510 -1276 26949 22544
2 3018 3242 1204 1867 3824 -47
1 -616 -6726 -2470 -1291 2210 5617
1 4880 -9948 -1208 -2308 987 264
2 1084 5844 2228 -1420 11144 3420
2 -982 11310 3066 914 3304 1631
1 -1326 -7552 -1918 -716 -803 -1335
2 1676 7198 3390 1491 804 985

2 66 8512 -1520 -90 1680 191
1 -1996 -7048 -3974 -82 -1638 -1356
1 -1686 -6720 -4104 1006 -587 -414
2 -104 8310 -1300 2413 1240 774
2 0 0 0 0 0 0
2 0 0 0 0 0 0
1 0 0 0 0 0 0
1 0 0 0 0 0 0
2 0 0 0 0 0 0
1 -1324 -7100 -4558 114 -730 -559
1 -1506 -6680 -4476 -930 -2877 -973
1 -1408 -2478 -3006 -1249 -594 576
1 -1830 -3362 -1734 -2531 3093 2725
2 0 0 0 0 0 0
2 0 0 0 0 0 0
2 -988 1924 282 2122 -7147 -2293
2 324 12682 -3134 -4914 -2042 -82
1 -2362 -11946 -6630 1519 -7209 -1218
2 8666 22840 -3420 -713 2492 2300
2 7180 28656 1426 -2266 -7782 16859
1 1870 -20244 -13256 2020 5477 1918
1 1878 -22880 -12344 -1888 1924 -14035
2 -3480 4614 1320 1915 -6680 16455
2 -5682 3186 956 -2009 2153 13735
1 -748 -7390 -4228 -13125 -11276 -21116
1 -6384 -4386 858 -10275 9551 -7213
2 -8510 324 -1154 -1713 -3138 6639
2 -9350 362 -2524 1314 1276 -3620
1 -7086 -72 5924 -5153 237 -3823
1 0 0 0 0 0 0
1 -2762 -3864 -4382 -3412 -8853 12068
2 -4392 6416 -1454 5532 3726 -11950
2 8192 15106 12 1528 7217 -17926
1 5922 -6736 -10322 6414 -4752 12934
1 3202 -12896 -14224 13335 -4996 7378
1 926 -13768 -13910 8620 -8540 -1622
2 7866 20878 -3014 -3083 -3583 -12612
2 9286 16206 -2596 -1991 -1340 -6481
2 5878 14558 -1000 -601 2512 663
1 536 -11604 -11246 1540 617 245

2 516 8126 1208 284 607 134
1 838 -7624 -3838 960 -787 -729
2 0 0 0 0 0 0
1 0 0 0 0 0 0
2 0 0 0 0 0 0
2 0 0 0 0 0 0
1 0 0 0 0 0 0
1 0 0 0 0 0 0
1 0 0 0 0 0 0
1 0 0 0 0 0 0
2 0 0 0 0 0 0
2 0 0 0 0 0 0
2 0 0 0 0 0 0
1 0 0 0 0 0 0
1 920 -1342 548 1074 -6566 325
1 1322 -30546 1840 17688 8443 -6748
2 1440 1376 700 743 -3485 -1902
2 -4332 15462 4660 -4734 -16428 -7712
2 8166 27804 7462 -3204 3577 127
1 24004 -24040 3222 12012 -17944 -24621
2 25636 8962 17938 -9206 -29140 5734
1 4958 -19770 -760 -5382 -17930 -28522
2 -32768 15132 8630 24522 -31747 32767
2 -24178 -7360 19164 -7266 -11341 -20172
1 -21144 -15386 6932 -10611 -8642 -20169
1 -20550 -8344 15756 3767 -1772 8964
1 -5384 -24328 2766 11853 1244 27067
1 25370 -32768 -10730 9496 9301 32767
2 562 19234 6832 -10326 20928 -17307
2 10608 32767 9938 -1552 15871 -22296
1 6548 -10248 1522 -725 -32768 -7062
1 -10660 -7114 -448 -2197 10734 -2623
2 2734 13454 7060 -738 13145 -1942
2 -8844 3172 -950 -578 -1241 1548
2 176 8616 2400 2543 372 1314
2 1018 6976 2226 1049 7940 1769
1 -358 -8176 -3102 -1545 -1154 3476
1 3872 -7190 -2744 -2888 6434 2145
2 -296 8156 1414 754 -715 -197
1 934 -7892 -2796 -1210 867 -405

2 -190 8008 -1298 -159 219 60
1 -2242 -6882 -4488 317 -376 -271
1 0 0 0 0 0 0
1 0 0 0 0 0 0
2 0 0 0 0 0 0
1 0 0 0 0 0 0
1 0 0 0 0 0 0
2 0 0 0 0 0 0
2 0 0 0 0 0 0
2 0 0 0 0 0 0
2 0 0 0 0 0 0
1 0 0 0 0 0 0
1 0 0 0 0 0 0
2 0 0 0 0 0 0
1 -1114 -1786 -1878 -1379 4935 3834
1 -824 -6886 -5392 2602 4646 1456
2 42 2496 -80 2723 721 458
2 390 11204 -2714 -1911 1661 -861
1 -2770 -12794 -8372 2341 -6043 -5365
1 1050 -14596 -12558 -2458 7851 1032
2 0 0 0 0 0 0
2 9778 17470 -1136 2029 4444 4752
1 4158 -20386 -15414 -5800 10226 -2477
1 -1408 -13620 -9782 -10930 -2561 -17566
2 9632 25926 384 -2015 2333 14351
2 2204 11802 -1272 -4052 -4778 18309
2 -4028 5766 -2702 -4824 5445 16548
2 -4446 5012 -2550 1417 -13620 9468
1 -6260 -3150 1228 -10859 2832 -10576
1 -5024 -748 3316 -2647 5299 -7316
2 -6838 24 1956 3758 -3423 2668
2 -6274 -794 1930 84 5118 -2171
1 -2770 -1544 1100 -1826 3663 -3368
1 0 0 0 0 0 0
1 -4024 -634 -966 361 -4767 11508
1 -56 -5522 -10094 12080 -20104 11218
2 -5594 4902 -656 266 1428 -14687
2 8122 25226 -7682 -485 2607 -24120
1 4726 -21226 -23094 15657 -9500 7879
2 22190 22854 -3814 -282 5194 -14631

1 0 0 0 0 0 0
2 312 8256 488 489 1336 -116
1 0 0 0 0 0 0
2 0 0 0 0 0 0
1 0 0 0 0 0 0
1 0 0 0 0 0 0
1 0 0 0 0 0 0
2 0 0 0 0 0 0
2 0 0 0 0 0 0
2 0 0 0 0 0 0
2 0 0 0 0 0 0
2 0 0 0 0 0 0
1 0 0 0 0 0 0
1 0 0 0 0 0 0
2 0 0 0 0 0 0
2 0 0 0 0 0 0
1 0 0 0 0 0 0
1 0 0 0 0 0 0
2 -1740 6290 3528 -1245 -7134 -751
2 1204 26272 6680 -2265 212 -1569
1 -126 -6472 108 1256 -3383 -4103
1 16854 -23354 800 4765 -8906 -4932
1 19874 -24558 -4272 11761 -18623 -19229
2 20870 19508 11334 -2146 869 11126
2 7338 13622 6674 -251 -23888 25686
1 7314 -5812 -4404 -6596 -13855 -23436
2 -28050 -2398 13420 12631 -6436 13449
2 -16362 -6452 11814 -244 -5239 -11239
1 0 0 0 0 0 0
1 -19332 -3834 17776 2 2737 3881
2 -5174 8498 8184 -10138 6835 -15833
2 3954 32767 11144 -15993 17190 -25382
1 -7756 -13496 5856 10203 4865 19127
1 7250 -32768 -4830 12847 -1733 32767
1 32767 -31510 -15668 -3495 9526 26553
1 1440 -1972 -3328 4051 2329 -8798
2 32767 20454 5078 165 -32768 6782
2 2416 -250 -1876 -2677 -2423 6833
2 0 0 0 0 0 0
1 -4210 -5972 -2206 -627 7075 -1467

1 -1722 -6896 -4250 997 -726 -669
2 142 8036 -1056 969 1335 76
1 -1866 -7032 -4392 1020 -653 -685
2 190 7964 -858 925 1191 40
2 0 0 0 0 0 0
1 0 0 0 0 0 0
2 0 0 0 0 0 0
2 0 0 0 0 0 0
1 0 0 0 0 0 0
1 0 0 0 0 0 0
1 0 0 0 0 0 0
1 0 0 0 0 0 0
2 0 0 0 0 0 0
2 0 0 0 0 0 0
2 652 2742 -868 2460 -648 14
1 -40 -2102 -2776 -1740 1806 1403
1 1992 -9138 -8016 -1621 927 1019
2 3566 9664 -2008 732 348 300
2 24006 28722 -1242 -2227 3676 10315
2 3520 29970 -2420 -5809 -2498 21259
1 7286 -23818 -24488 -7249 3161 -7896
1 112 -20154 -18544 -7776 5633 -17433
1 -3016 -4112 -2562 -8303 10531 -13354
1 -13654 -978 7722 -3852 3319 -8821
2 -2838 9180 -1828 -3584 1132 19501
2 -16766 4442 -2466 -4495 4098 10560
1 -14396 450 8670 914 -107 4081
1 -7490 -7396 -948 2581 -10254 15135
2 -22250 -30 -5660 1563 5085 -5290
2 -8512 12810 -1576 9118 258 -20363
1 -3504 -21468 -9564 11322 -9204 20375
1 10716 -23768 -22442 8789 -12576 5392
2 7314 30842 244 7575 -3724 -27883
2 19146 27888 -2380 532 -3449 -9404
1 1636 -13446 -13872 1428 -6244 -5034
1 -3024 -5368 -5438 -946 -1075 -3533
2 6972 15398 -1906 -851 -2306 2198
2 -3072 6394 -920 -925 -4232 3110
2 146 3440 -1292 242 2509 848
1 -1684 -2656 -2122 -2415 3700 794

1 856 -7460 -3694 -514 -617 -239
2 446 7994 842 494 730 158
1 1126 -7524 -3720 -749 -38 179
2 434 8430 800 609 -6 74
1 0 0 0 0 0 0
1 0 0 0 0 0 0
1 0 0 0 0 0 0
2 0 0 0 0 0 0
2 0 0 0 0 0 0
2 0 0 0 0 0 0
2 0 0 0 0 0 0
2 0 0 0 0 0 0
1 0 0 0 0 0 0
1 0 0 0 0 0 0
2 1104 1038 1154 984 -5204 -2599
2 -2598 16050 2542 -5563 -7245 1088
1 0 0 0 0 0 0
1 6454 -18160 -3866 1744 5642 -5784
2 5866 27626 12426 108 2266 -3167
2 11226 12544 -490 3478 -12528 8308
1 8888 -24744 -4168 4480 -1492 -12768
1 12186 -7260 -5784 3171 -9896 -16840
2 -3506 7264 7538 -3887 -15047 22572
2 -16610 936 7422 8112 -32768 13826
1 0 0 0 0 0 0
1 -6164 -2776 6464 -7883 -10986 -10415
2 -11850 -3050 10072 -3878 -4166 -10398
2 -3550 13858 7542 -12964 9695 -16999
1 -13430 -5458 10838 7322 5762 -2877
1 -7082 -10790 3612 11014 6354 18341
2 14078 32767 12858 -9963 29644 -23833
2 12274 16334 4188 4718 -7819 -21178
1 21130 -32768 -2736 1853 30015 32767
1 32767 -29524 17808 -9695 32767 -20904
1 -342 -8070 -5886 3216 -18413 -9947
2 -1248 4122 -1478 -731 -7276 1932
2 -5226 9312 1006 -1894 7760 6400
1 -2018 -8828 -2088 -562 14627 -5739
1 3614 -7978 -4270 -1269 -8605 1879
2 5464 8940 1648 4478 3908 -306

2 -1090 7376 -1436 1026 -4266 127
1 0 0 0 0 0 0
1 -1304 -6980 -3504 -757 -322 986
2 -1178 8250 -1216 231 151 784
2 -656 8614 -850 397 -4144 620
2 0 0 0 0 0 0
2 0 0 0 0 0 0
1 0 0 0 0 0 0
1 -790 -7310 -4754 -285 -6557 -3049
1 0 0 0 0 0 0
1 0 0 0 0 0 0
2 0 0 0 0 0 0
2 824 1500 -1058 805 -1209 803
1 -582 -340 -1806 -1826 6652 3568
1 -80 -5872 -6138 1735 -506 2328
1 7196 -25530 -19016 3174 2121 -3385
2 -2226 10394 -1896 2262 -1973 -2481
2 14838 29200 -4038 -1832 14064 2351
2 7838 32767 1068 -1326 -5129 22243
1 -1758 -27936 -16382 -9247 77 -21689
1 -9230 -4374 -1310 -10438 5815 -15828
2 -3232 9630 2634 -2749 4363 20772
1 -13956 -194 9518 -4951 5104 -10065
2 -10964 4454 -242 -8170 10665 14960
2 -17656 -600 -10642 -1676 3869 -873
1 -14980 2472 7610 -272 -166 895
2 -11038 6686 -2026 7030 5359 -15109
2 -3600 30404 1000 11295 -5542 -29257
1 -10890 -4718 2574 2079 -7525 12004
1 -8560 -22054 -8216 9832 -15519 18892
2 24780 32352 -3382 -316 -4694 -13513
1 15842 -26468 -25564 9403 -6687 9269
1 4908 -14702 -17356 75 -3663 490
2 168 15932 -1606 1116 -26899 2467
2 -1436 9066 -1282 -3473 2710 924
1 -2398 -8068 -5254 2314 5728 1090
1 -778 -2568 -2390 644 3527 375
2 -230 3320 -1816 -1790 3773 -45
2 470 3562 -1038 1567 -227 883
1 0 0 0 0 0 0

2 328 8082 656 881 174 -713
1 1506 -7274 -3778 -294 -7 1233
1 1464 -7118 -3740 318 307 789
2 396 8112 662 215 925 -274
1 0 0 0 0 0 0
1 0 0 0 0 0 0
2 0 0 0 0 0 0
2 0 0 0 0 0 0
2 0 0 0 0 0 0
2 612 3536 224 -609 -5100 -1717
2 -1450 726 3688 -781 -8537 -3156
1 894 -6564 -3124 960 -2171 72
1 1540 -2184 -352 -92 -4290 418
1 -4970 -7068 406 7837 1125 -4879
2 -4346 32767 8638 -3830 13825 8354
1 30506 -21890 14864 3818 3669 3846
2 12874 13798 5994 -5346 -24225 3375
1 1966 -9586 -8586 -1751 -11315 -25529
2 106 10064 3782 -17883 3256 32767
2 -9656 5984 -3984 20416 -32768 11835
1 728 -25956 -6696 -10990 -18354 -28312
1 -13948 -622 15750 -13514 4350 -6243
2 -9610 -2224 14214 -8443 7440 -7673
1 -11204 -6428 12932 6662 -1432 11045
1 -2002 -16390 -190 10824 1996 24193
2 -7042 17416 5624 -18003 6454 -14750
1 18058 -32768 -10952 9936 32767 32767
1 4984 -9928 674 -4152 -16116 12663
2 20722 32767 9608 -8082 29320 -16497
2 3216 7250 5988 4809 19893 1313
2 -5418 3974 312 -759 -11164 -293
1 -7778 -4668 -992 2205 -10630 -8797
1 -1026 -6166 -1498 1929 9894 -6749
2 -1372 6834 2340 -1247 11296 7842
2 0 0 0 0 0 0
2 1050 6728 2418 2183 -776 -2646
1 -1564 -11370 -5058 1951 -8297 -1001
1 0 0 0 0 0 0
2 0 0 0 0 0 0
1 0 0 0 0 0 0

1 -1842 -7216 -4104 611 165 -447
2 -572 8056 -516 393 402 205
1 0 0 0 0 0 0
2 0 0 0 0 0 0
2 0 0 0 0 0 0
2 0 0 0 0 0 0
1 0 0 0 0 0 0
1 0 0 0 0 0 0
1 0 0 0 0 0 0
2 0 0 0 0 0 0
2 -38 3814 -354 -255 -1197 -209
1 -2070 -4048 -2450 -901 2266 1125
1 420 -1424 -1742 -3459 3237 2817
2 0 0 0 0 0 0
2 3818 18008 -4980 -802 506 683
2 18030 31772 -102 1535 9065 13907
1 3304 -15194 -10200 2114 -1841 -1463
1 9826 -28960 -17028 -890 3993 -9238
2 1914 17626 -1566 686 -12193 18551
2 -11310 4670 944 1742 12713 18987
1 -1732 -16454 -9608 -10126 -10611 -23263
1 -3446 -10422 -4740 -14222 12787 -11806
1 -13652 114 10446 -5227 9980 -7090
2 -9934 496 -2956 -7431 13265 8046
2 -18788 3216 -5164 3608 5775 -9078
1 -18618 -770 9662 661 -4090 4479
1 -6406 -7026 -3352 4933 -10319 14817
2 -3948 14306 -1204 7870 80 -21251
2 12886 32000 -1300 -1392 5920 -23450
1 3802 -18960 -16002 10808 -6798 19426
2 11280 20366 -3548 743 -11303 -3846
1 6524 -17804 -21096 8452 -12577 2502
1 1232 -10740 -11764 2578 -4387 -2210
2 3144 10176 -1042 -1384 994 915
1 1180 -2622 -3692 31 791 -1933
1 0 0 0 0 0 0
2 978 3554 -1082 -795 -1455 1300
2 -166 4496 -1044 -681 3172 1690
1 -4436 -9820 -4092 -483 -3265 -4607
2 -322 10590 -956 -530 1766 1881

2 0 0 0 0 0 0
1 -318 -6026 -1304 2350 -4651 145
2 -1656 12770 2388 -3960 2891 723
1 0 0 0 0 0 0
1 2792 -8892 -2708 111 694 2301
2 -392 8120 4002 2223 1094 -456
1 146 -6074 -2344 543 -85 -462
2 -1556 5298 1720 180 -3884 -1631
2 0 0 0 0 0 0
2 0 0 0 0 0 0
1 0 0 0 0 0 0
1 0 0 0 0 0 0
2 82 5986 1724 2453 -3621 1435
1 2940 -7906 -1880 -1193 -2879 -3874
2 2210 31962 11050 -2075 -11147 946
1 19538 -29098 2794 5384 -15287 -15361
2 14404 15294 11978 -2139 -21928 15008
1 15326 -15770 -3028 4599 -4171 -22689
2 -7900 17492 6964 4612 -22092 20736
2 -12606 334 4776 3417 -7110 21372
1 0 0 0 0 0 0
1 -10672 -6596 6940 -7477 -16812 -17167
2 -17180 -3768 8428 -4747 3097 -2457
1 -14284 -2160 9794 1 -2939 -512
2 968 6158 434 -5585 12158 -9843
1 -4598 -5498 322 6894 10232 12133
2 9554 19278 7868 -2881 14441 -19356
2 11650 17896 5210 -1392 1261 -16102
1 11860 -13356 -4372 7341 11216 22888
1 16090 -21550 -4610 3036 2359 23224
1 13886 -15790 -4162 -846 4537 17176
1 23762 -14914 1158 -3129 -667 -49
2 6690 11826 5072 1172 14161 -3873
2 7210 8108 5270 3051 977 386
2 192 6894 1402 1888 -110 1748
2 0 0 0 0 0 0
1 -2730 -7070 -2646 -215 -9349 -4823
1 -1160 -6920 -2968 -1222 903 -3167
2 0 0 0 0 0 0
1 0 0 0 0 0 0

2 -210 8058 -482 50 -187 75
1 -1560 -6932 -3818 -987 661 314
2 0 0 0 0 0 0
1 0 0 0 0 0 0
2 0 0 0 0 0 0
1 0 0 0 0 0 0
2 0 0 0 0 0 0
1 0 0 0 0 0 0
1 0 0 0 0 0 0
2 0 0 0 0 0 0
2 0 0 0 0 0 0
2 0 0 0 0 0 0
1 0 0 0 0 0 0
1 0 0 0 0 0 0
1 0 0 0 0 0 0
2 0 0 0 0 0 0
2 0 0 0 0 0 0
1 0 0 0 0 0 0
1 0 0 0 0 0 0
1 0 0 0 0 0 0
2 0 0 0 0 0 0
2 0 0 0 0 0 0
1 0 0 0 0 0 0
1 0 0 0 0 0 0
2 0 0 0 0 0 0
2 0 0 0 0 0 0
2 0 0 0 0 0 0
2 22288 23816 1248 1330 7989 9545
1 -336 -11962 -7260 -2197 -2860 -2224
1 12770 -20056 -14950 -5910 10799 -2935
1 2772 -25936 -15230 -12010 -112 -20415
2 7164 28976 3432 -3963 -5112 22135
2 -1420 17176 5028 -3794 -10004 25505
1 -5082 -10442 -3070 -16306 5995 -18862
1 -31092 914 26154 2788 4791 -2835
1 -19550 -13872 -1714 12281 -9552 22214
2 -32768 -1002 -6846 -4260 7376 1566
2 -16690 21870 -5478 8315 3839 -29857
2 8028 19798 3018 4593 -2434 -21597
1 2312 -19170 -11816 12881 -4908 21027

2 520 8398 236 360 -852 -31
1 932 -7332 -3620 -2278 -91 425
1 0 0 0 0 0 0
2 0 0 0 0 0 0
1 0 0 0 0 0 0
1 0 0 0 0 0 0
2 0 0 0 0 0 0
2 0 0 0 0 0 0
2 2256 3594 1978 -2140 -1146 -199
2 32 2350 1238 -2712 -6728 -865
1 2804 -4120 -1298 1533 -2425 201
2 -1268 12224 3636 -3922 -3816 -109
1 0 0 0 0 0 0
2 4370 24976 5998 -4205 3181 -520
2 0 0 0 0 0 0
1 2542 -15270 -2984 8288 268 -4558
1 14974 -25828 310 7028 -3017 -7014
1 9840 -18546 -2930 575 -2054 -14358
2 6736 2756 2780 2410 -15127 16226
1 4072 -1884 -2232 -4562 -16524 -13497
2 -5590 4362 1640 5652 -6471 14528
1 -6306 -6126 2178 -9234 -14397 -12160
2 -10044 -2302 4196 7387 -15690 4397
2 -5272 -3064 2860 -467 -6114 -2351
1 -7998 -2050 6688 -4534 -9091 -10856
1 -7094 -1438 4140 4366 7156 -2337
2 -3028 6200 2508 -11816 1044 -10110
2 14158 27438 5230 -10023 29789 -10473
1 2738 -4266 578 8586 738 10158
1 16780 -20566 -8430 7949 9193 20249
2 10164 15122 4364 -1442 8836 -10958
2 4088 12228 3854 966 16626 -6712
1 11174 -17730 -5162 4535 2455 18630
1 0 0 0 0 0 0
1 13500 -7636 1848 -4669 4149 3021
2 3414 6342 6128 1458 6670 3548
1 606 -6160 -3890 -1653 -5828 -4743
2 8 6858 752 2025 -1810 1940
2 0 0 0 0 0 0
1 0 0 0 0 0 0

1 -1294 -7266 -3646 140 146 340
2 -274 7932 -856 105 129 114
2 -170 8008 -1006 -173 333 52
1 -1530 -7218 -3936 459 358 400
1 -1488 -7252 -3922 -42 151 130
1 0 0 0 0 0 0
2 0 0 0 0 0 0
2 0 0 0 0 0 0
2 0 0 0 0 0 0
1 0 0 0 0 0 0
1 0 0 0 0 0 0
1 -440 -704 -1670 -3338 -1803 724
2 0 0 0 0 0 0
2 1224 -224 434 266 -3365 -783
2 -1490 9596 -962 -1832 960 -1399
2 -750 13220 -1286 -1717 2168 -631
1 -3038 -6984 -3332 -650 2692 3510
1 -238 -10984 -6842 -1095 -3682 -2366
2 -1524 14704 -2106 507 2749 -353
2 4222 18108 -5710 4672 441 4704
1 -3260 -12356 -7252 2279 -4018 -3325
1 4952 -15316 -16378 -1807 -1671 -11585
1 -4464 -19410 -13522 -11065 1674 -4276
1 2658 -6450 -4070 -13672 -625 -2753
2 6004 21602 -3058 5956 4819 10116
2 3918 4846 2056 770 -3254 13847
2 992 6542 1870 -4026 4747 15761
2 0 0 0 0 0 0
1 0 0 0 0 0 0
1 0 0 0 0 0 0
2 -14668 3356 -7260 -2747 -6146 6522
2 -10020 1234 -1870 3171 5816 -7386
1 -8556 -16 5942 599 5866 -4229
1 -5554 -836 1976 2386 -1735 3768
1 -10128 -16182 -4356 10646 -6537 15495
1 11470 -27082 -26710 17137 -2862 14086
1 5098 -12998 -18558 6079 -4963 2126
2 664 22546 -1226 7957 -9101 -27214
2 17594 32767 -4262 -400 9975 -21137
2 11760 18338 -2214 -95 -10948 -2070

2 426 8518 274 284 332 -78
1 1280 -6972 -3686 -662 697 -542
2 0 0 0 0 0 0
1 0 0 0 0 0 0
1 0 0 0 0 0 0
2 0 0 0 0 0 0
2 0 0 0 0 0 0
1 0 0 0 0 0 0
1 0 0 0 0 0 0
2 0 0 0 0 0 0
2 0 0 0 0 0 0
2 0 0 0 0 0 0
1 0 0 0 0 0 0
1 0 0 0 0 0 0
2 1314 582 472 2259 -1821 -2685
2 3980 21664 7112 -4391 670 5983
1 3526 -1016 108 341 -6350 -2765
1 16772 -21196 2118 6628 -4500 -13099
2 2770 29702 2182 -6300 -6797 3776
2 7180 1490 -2028 -5856 10761 27815
1 20774 -28888 -62 9008 14757 -17406
1 10592 -4756 -1648 221 -22096 -19772
2 -8554 13814 -842 -3521 -22417 17372
2 -23272 -10630 16436 10439 -27782 -10811
1 -3824 -9556 866 -12182 -3777 -18155
1 -11730 -632 25936 -6577 -12749 -2493
2 -6266 1342 5486 -11001 892 -12134
2 -776 19034 5744 -14572 23562 -13379
1 -5944 -6740 5132 16575 6567 9526
1 3700 -19780 -1526 12264 24235 23049
1 18826 -24512 -2984 -3152 20259 21775
2 11546 24312 6884 -3682 21468 -6288
1 10316 -15144 2678 -10798 -5624 11891
2 7508 14770 6838 2497 18744 -5417
1 4926 -8560 -1380 -2282 13467 1152
1 -516 -8054 -2970 2133 -8397 -2650
2 -442 10332 4058 918 4432 2007
2 -646 7040 1880 447 -4864 -195
2 -2102 5656 1158 891 -3412 -875
1 0 0 0 0 0 0

2 12 8052 -954 -78 -538 59
1 -1906 -7144 -4136 -43 211 155
1 -1840 -6882 -4040 14 -406 -416
2 296 8058 -938 71 594 174
1 0 0 0 0 0 0
1 0 0 0 0 0 0
2 0 0 0 0 0 0
2 0 0 0 0 0 0
2 850 3498 -1192 1306 -3468 195
2 0 0 0 0 0 0
2 1882 25492 -2538 -2405 -89 -664
1 -4648 -1864 -2288 -1885 1450 1450
1 -2630 -4622 -650 -1517 10649 6928
1 -8698 -31946 -9904 -6377 -26820 -8591
2 18830 32767 -956 -2090 3079 16150
1 3908 -24234 -22278 -4863 927 -16931
2 1094 16422 3238 -1721 4242 32767
1 -4516 -12176 -14536 -14408 11692 -20819
2 -25972 8978 -9300 -9377 5975 11939
2 -23340 3494 -5690 3478 7120 -10733
1 -26406 -7870 11222 -4261 8595 -10006
1 -21974 218 12410 4596 -3758 10108
1 -20982 -19464 -5660 10613 -12980 28197
2 -11610 25788 -2238 12054 1347 -31821
2 22192 27126 6722 6343 -9025 -15399
1 19066 -26494 -20626 3343 -10774 13537
2 3574 21428 -1746 -1329 -1790 -224
1 -5560 -17392 -12194 3956 -1731 -2897
2 -2254 12314 -3528 -1508 -4737 1370
1 -6164 -10898 -5774 611 1217 100
2 -264 2502 -898 -1001 623 -269
2 1610 4718 -156 300 1408 172
1 156 -1996 -1894 -651 1123 537
1 0 0 0 0 0 0
2 -432 10764 -628 790 -874 853
2 0 0 0 0 0 0
1 -2584 -9660 -4570 -889 -2158 -1501
1 0 0 0 0 0 0
1 0 0 0 0 0 0
2 0 0 0 0 0 0

2 870 8370 242 7 -159 176
1 3084 -7174 -4316 2029 -595 -1731
1 2226 -7576 -4490 556 -5080 -3339
2 1088 8014 188 105 360 -90
2 0 0 0 0 0 0
2 0 0 0 0 0 0
2 0 0 0 0 0 0
1 858 -7056 -3832 -936 -2802 -1828
1 1282 -6980 -3836 -798 823 51
1 0 0 0 0 0 0
2 0 0 0 0 0 0
1 0 0 0 0 0 0
2 0 0 0 0 0 0
1 2942 -5636 -3136 3808 -2124 517
1 0 0 0 0 0 0
2 1068 670 1492 421 -5529 -2780
2 -638 22728 4074 -4401 -8456 -971
1 6512 -21162 -3028 5196 6297 -8895
2 14954 30428 12982 -6422 13389 7189
1 17828 -24812 -520 8707 10401 -15714
1 14712 -10230 1412 -1671 -15705 -17277
2 10014 17022 5332 -4680 -8196 23095
2 -12118 9470 4992 3791 -30186 13058
2 -10898 306 6372 2878 -6376 1723
1 -19658 -9430 8912 -11051 -21805 -14351
1 -4836 -2118 3824 -2457 -15255 -5172
1 -4992 -248 5476 833 -678 1652
2 -8482 -1476 4756 -1094 -2213 -7791
2 816 4198 -2 -4063 7167 -7691
1 2184 -4654 -2206 4586 11950 7613
1 11908 -17992 -4582 9874 22382 24823
1 12496 -19062 -5468 3196 1970 20702
2 4952 28798 6450 -12863 22653 -19682
2 16446 16590 9858 2757 6334 -10315
2 5034 11060 3924 1845 12351 -4405
1 10118 -16250 -6482 -6786 12161 19393
1 3620 -5738 -2324 -4077 7971 -1312
2 4206 7680 2092 1410 4559 3009
1 524 -6358 -3396 -2806 -2152 -7081
2 0 0 0 0 0 0

2 248 8086 -1012 418 -151 566
1 -1156 -7058 -4296 234 282 433
1 0 0 0 0 0 0
2 0 0 0 0 0 0
2 0 0 0 0 0 0
2 0 0 0 0 0 0
1 0 0 0 0 0 0
1 0 0 0 0 0 0
2 0 0 0 0 0 0
1 0 0 0 0 0 0
1 -1908 -6360 -2014 -2001 -4265 -568
1 0 0 0 0 0 0
2 0 0 0 0 0 0
2 0 0 0 0 0 0
2 2656 11616 -3228 -2716 10021 -99
2 20204 28236 -11466 4254 5944 8408
1 -1832 -9258 -4664 -989 -10800 -6953
1 4818 -20420 -24020 -5779 886 -6678
2 5954 31292 -590 662 7509 22200
2 -7876 7358 4684 29 3453 20379
2 -20798 246 206 -6877 2220 7251
2 -11958 1652 -2560 2473 -1284 -10508
1 -3458 -24690 -19274 -17787 -113 -18044
1 -10084 -6114 -1050 -15943 9426 -9863
1 -12058 -1928 9352 -8514 2242 -1799
1 -5542 -2078 7768 -371 -2915 6702
1 -236 -3788 70 8190 -1356 9972
1 2754 -10204 -8808 11100 -203 11495
2 1172 6340 628 2404 -2027 -14815
2 6270 13830 318 -342 -310 -13144
1 3746 -12270 -13232 7072 -8164 6316
2 7414 18542 -2782 -1960 -5243 -9988
2 5488 15926 -2448 -1428 286 -7511
1 1662 -13300 -11350 5185 -6665 3200
1 -330 -12334 -8590 5036 -1946 3019
2 0 0 0 0 0 0
2 4004 12158 -1436 -1647 1373 501
1 1284 -11562 -8164 785 418 219
2 0 0 0 0 0 0
1 0 0 0 0 0 0

1 1688 -7280 -3792 -789 -365 182
2 384 8136 372 577 -40 -151
2 0 0 0 0 0 0
1 1230 -7168 -3670 -359 -549 58
2 0 0 0 0 0 0
1 0 0 0 0 0 0
2 0 0 0 0 0 0
1 0 0 0 0 0 0
2 0 0 0 0 0 0
2 0 0 0 0 0 0
1 0 0 0 0 0 0
1 0 0 0 0 0 0
1 0 0 0 0 0 0
2 0 0 0 0 0 0
2 0 0 0 0 0 0
1 1680 -4722 -2792 697 -3126 -821
2 34 5348 1454 -352 -3149 775
1 1244 -4196 -1618 1647 -5746 -2257
2 9520 25096 11056 -3026 -6449 3719
2 12656 24666 11088 -8204 -2394 13351
1 24010 -22104 2774 8931 396 -12689
1 11934 -23222 -6166 5485 -3880 -20532
1 -2066 -8290 -3998 -5436 -28355 -21981
1 -17728 244 4202 -9134 7769 -9301
2 -326 6834 1278 1253 -17877 16186
2 -24116 4138 4412 7588 -27021 12412
1 -14284 -1550 9804 934 -4242 4813
2 -14302 -4902 9482 -1650 -831 -8660
2 -2592 8274 3556 -11138 1243 -15960
1 -2102 -8542 530 5508 3274 16136
2 7186 24768 11196 -7911 32767 -8596
1 14028 -19062 -500 6052 12939 26479
2 12622 20778 7026 -2509 15151 -9639
1 15886 -23536 -8598 4753 4068 20669
1 17256 -10384 4330 -5397 3119 1794
1 -4864 -7340 -1008 -325 -12122 -6087
2 1790 4138 3496 2327 -2334 -2581
2 -2776 6026 524 -1396 -5301 -585
2 -430 7354 1880 592 8901 4753
1 -1716 -6888 -2334 -1543 2804 -3709

2 10 8150 -1014 75 71 251
1 -1884 -6318 -4754 1329 -103 -650
1 0 0 0 0 0 0
2 0 0 0 0 0 0
2 0 0 0 0 0 0
2 0 0 0 0 0 0
2 0 0 0 0 0 0
1 0 0 0 0 0 0
1 0 0 0 0 0 0
1 0 0 0 0 0 0
1 0 0 0 0 0 0
1 24 -3096 -2350 -2561 -2963 -486
2 0 0 0 0 0 0
2 0 0 0 0 0 0
1 1178 -14258 -9826 1442 -4048 -3876
1 6562 -26534 -17378 -4059 1602 -11221
2 4814 15684 -4654 -1495 4847 -1210
2 11360 28544 -522 1342 -4043 14636
2 -164 9464 1572 -1484 1447 19828
2 0 0 0 0 0 0
1 -4378 -8466 -5838 -14417 -5170 -22023
1 -18158 -5982 926 -12064 19984 -9294
2 -21742 -878 1792 1418 5661 -3518
1 -16356 -2044 13548 -5181 -5418 6936
1 -4194 -4330 1810 5545 -7399 12281
2 -7004 7936 320 3508 4677 -16031
2 17074 32767 -1036 -928 14762 -28369
1 2990 -25084 -21768 22543 -9015 14296
1 4876 -18684 -23056 5921 -11417 -992
2 15768 21096 -4814 -121 -2582 -7980
2 -400 12278 -1222 -1712 -3563 1011
2 676 6952 -1684 -2041 2929 1822
1 -5208 -10452 -9436 2922 2820 -322
1 -1706 -5654 -3608 -231 7591 883
1 -382 -2036 -2180 -1758 2312 363
1 -2334 -5292 -2932 -726 -286 -1107
2 70 2902 -1334 801 -2598 1957
2 0 0 0 0 0 0
2 0 0 0 0 0 0
1 -1834 -8330 -4964 -444 -3500 -1275

1 974 -7274 -3974 -427 -582 181
2 494 8184 274 -169 288 -20
1 0 0 0 0 0 0
2 470 8234 236 -327 237 179
1 0 0 0 0 0 0
1 0 0 0 0 0 0
2 0 0 0 0 0 0
2 0 0 0 0 0 0
1 0 0 0 0 0 0
2 0 0 0 0 0 0
2 0 0 0 0 0 0
1 0 0 0 0 0 0
1 0 0 0 0 0 0
2 0 0 0 0 0 0
2 1414 3510 416 999 -2555 -2545
2 62 1500 854 1967 -5170 -3369
1 1508 -3744 -2146 122 -3898 -169
1 0 0 0 0 0 0
1 10502 -32768 -1114 11431 8898 -21096
2 -3354 32320 17182 762 -32768 12498
2 2142 16590 2106 676 12041 17447
1 8536 -18942 -3128 -3411 -25648 -14709
2 5806 2814 1206 -6495 2606 29641
1 -1844 -8534 2706 -12218 -8714 -15784
1 986 -544 5488 -11727 16379 -8214
2 -4602 2674 794 12029 -23018 10090
2 -4456 -4918 16174 -453 -17144 -12184
1 -4942 -3880 11114 453 -14054 -6950
1 -9292 -10218 11048 11009 14216 12384
2 -5520 15918 8174 -16975 17100 -4181
1 8710 -32768 -17274 21620 31726 32767
1 20912 -3328 5194 -24697 32767 -5678
2 11786 32767 3226 -8424 32767 -22577
2 11630 8558 3430 2714 28582 18205
2 2656 6154 260 -1393 -12540 1033
2 -4324 6330 2078 1734 -13836 -119
1 -1944 -9834 3064 -2538 -31366 -14888
1 -2864 -4626 -710 -2878 3352 -5652
2 -2038 8300 1196 1389 -4751 -6070
1 -1216 -6212 -1630 4893 -9899 -696

2 -306 7780 -1110 9 134 -8
1 -1808 -6908 -4108 -61 218 155
2 0 0 0 0 0 0
1 0 0 0 0 0 0
1 0 0 0 0 0 0
2 0 0 0 0 0 0
2 0 0 0 0 0 0
2 5506 848 1534 433 -1641 64
1 0 0 0 0 0 0
1 4988 -7320 -1446 -1315 7725 3041
1 13174 -32768 -32768 -14238 -5385 -24349
1 -13534 -26886 -8982 -24296 22405 -19582
2 30738 32767 -6302 1719 2232 23379
2 1210 30076 556 -1827 -2740 32767
2 -32768 -3046 2856 -2206 4146 9235
2 -21444 19032 -6324 3284 1262 -27477
1 -30000 -6390 32767 689 14340 -878
1 -19732 -15802 -5328 17189 -6959 21365
1 9704 -31484 -27418 14509 -13728 28434
2 25112 32767 -2642 -6216 17293 -32768
2 11632 19368 -6430 -1588 -14435 -3672
1 6600 -15618 -17840 2204 -5488 1188
1 -3154 -13466 -9346 2122 4972 631
2 550 14452 -2576 -1003 4416 -1123
1 -2866 -7648 -2370 194 1929 -706
2 -1980 10244 -1218 -2270 1233 828
2 438 5044 -1228 -636 6986 973
1 0 0 0 0 0 0
1 -956 -4118 -3192 1224 6358 2760
2 90 4848 -842 174 2429 1504
2 0 0 0 0 0 0
2 -956 8234 -1320 961 -4199 1476
1 -1274 -6652 -4172 6 3316 832
1 0 0 0 0 0 0
2 -948 7502 -1232 32 1523 -566
2 744 8138 -1024 -91 1919 -575
1 0 0 0 0 0 0
1 0 0 0 0 0 0
2 0 0 0 0 0 0
1 0 0 0 0 0 0

1 2122 -6596 -3726 1955 4315 1008
2 404 8088 382 1447 -1090 -231
1 0 0 0 0 0 0
2 430 8102 386 439 -281 -39
2 0 0 0 0 0 0
1 0 0 0 0 0 0
2 0 0 0 0 0 0
2 0 0 0 0 0 0
1 0 0 0 0 0 0
1 1102 -7242 -3980 592 -2338 -1117
1 0 0 0 0 0 0
1 0 0 0 0 0 0
2 0 0 0 0 0 0
2 402 7478 -26 215 -1807 -601
1 0 0 0 0 0 0
1 3162 -5168 98 2014 -4718 -1085
2 0 0 0 0 0 0
2 -942 7080 2662 408 -6404 -2497
1 17932 -24502 2960 10788 -7941 -17097
2 7956 24182 3222 -1544 -6700 2597
2 10032 16504 4052 -966 18780 15638
1 11084 -15448 -6874 6521 -1614 -16914
2 1192 6432 5100 -1622 -12005 15879
2 -18410 6250 112 -603 -25540 15812
1 1072 -13258 -1088 -1903 -23853 -19950
1 -15254 1576 5020 -15170 -18420 -7357
1 -2428 -118 9494 4539 -9901 1697
1 -6632 -4082 5350 10806 6017 8910
2 -7004 -3952 7844 -3436 -8852 -3347
2 -9066 8648 6594 -9858 10588 -12510
2 19368 32767 8590 -9954 32767 -18566
2 16998 9208 4758 3585 -2968 -1826
1 16642 -32768 -3976 9295 32767 32767
1 22964 -20604 -7828 293 -4046 18174
2 5146 4174 -396 1003 9268 8683
1 10388 -3004 -5184 -2653 4746 -8578
2 0 0 0 0 0 0
1 3080 -10188 -1944 -3335 -7149 -14612
1 -184 -7470 -3158 -3667 -17063 -9209
2 -1724 8252 1920 5324 -23621 -4166

2 0 0 0 0 0 0
1 0 0 0 0 0 0
1 0 0 0 0 0 0
2 0 0 0 0 0 0
1 0 0 0 0 0 0
2 0 0 0 0 0 0
1 0 0 0 0 0 0
2 0 0 0 0 0 0
1 0 0 0 0 0 0
2 0 0 0 0 0 0
1 0 0 0 0 0 0
2 0 0 0 0 0 0
2 0 0 0 0 0 0
1 0 0 0 0 0 0
2 0 0 0 0 0 0
2 0 0 0 0 0 0
1 0 0 0 0 0 0
1 -1526 -9368 -5022 134 -2873 -2122
1 0 0 0 0 0 0
1 0 0 0 0 0 0
2 0 0 0 0 0 0
2 1908 11014 -1126 -722 6690 378
2 14584 18470 3126 -2573 12562 7105
1 5236 -17494 -14806 -3290 699 -5606
1 -58 -20230 -11980 -8231 6476 -12299
2 5304 24326 3158 -8421 -1242 15832
2 -2540 5794 3666 -6975 1446 15131
2 -1520 6324 -5098 -13244 3902 10835
1 2610 -8716 -5574 -11781 842 -14269
1 -12334 -4650 3400 -7876 12264 -9300
2 -17462 672 -18968 -5349 1814 4066
2 -7750 3376 -2852 12244 322 -8976
1 -15682 2112 12554 -2121 4613 519
1 -5924 -2552 2152 2636 -6570 9008
1 -5334 -9414 -3958 5634 -12650 11828
1 1218 -21108 -17516 19063 -4074 16421
2 972 13640 -644 13507 -11338 -13581
2 10946 23570 -1710 1161 -4432 -18839
2 10186 21502 -1100 3136 -3511 -10390
1 1780 -16878 -15288 2483 -15097 -2619

2 222 8236 206 -332 -773 386
1 1938 -7144 -4032 -1178 -3572 -3018
1 1296 -7284 -3940 -993 -2482 -2409
2 278 8626 318 600 834 179
2 0 0 0 0 0 0
2 0 0 0 0 0 0
1 1068 -7086 -3756 -632 -774 -850
2 0 0 0 0 0 0
1 0 0 0 0 0 0
2 0 0 0 0 0 0
1 0 0 0 0 0 0
2 1026 2922 -52 -703 524 -1142
1 0 0 0 0 0 0
1 0 0 0 0 0 0
2 -976 6452 2122 -2146 -7191 -715
2 14326 21464 12394 -1141 234 6131
1 2272 -8702 -1782 5000 -5860 -3920
1 24280 -25946 -1812 7355 5640 -9617
2 2444 23148 6164 -7995 5887 20608
2 4748 3350 2764 -1989 -14194 15106
1 10696 -18252 -4894 -3134 -10464 -17944
1 -2416 -10736 310 -7016 -14960 -19389
2 -11758 6734 6140 6864 -15900 14984
2 -12308 -6842 12744 -4001 994 6693
1 0 0 0 0 0 0
1 -14674 -2382 9938 688 -2466 383
2 -7916 3850 1280 -10085 5329 -8363
2 -1308 25386 8868 -11899 21875 -16679
1 -4432 -4602 1020 7120 668 11462
1 5350 -23824 -5328 15422 6938 26729
1 13832 -32768 -14424 8492 17035 31359
1 -340 -7896 -3014 -4602 2734 -3231
2 16458 32498 4530 -3842 23085 -19628
2 -40 11468 -738 752 11946 11243
2 2874 8418 364 -181 1900 12376
2 1758 6278 1192 7179 -11064 4076
1 1414 -6478 -3126 -129 14064 -13420
1 0 0 0 0 0 0
2 -1826 6184 1956 9097 -19738 -5262
1 -2352 -6930 -592 -4424 -28658 -3623

2 -50 8942 -1098 -930 3589 62
1 -1748 -7142 -3854 -2178 -637 -126
2 68 8228 -1126 -218 3771 237
2 116 8078 -1160 1302 1001 1162
1 -1186 -7496 -4072 -914 -1147 -947
1 1270 -7178 -5508 -1564 -8671 -4809
2 0 0 0 0 0 0
2 0 0 0 0 0 0
1 -2580 -7262 -4588 -105 -6454 -5567
1 -1940 -6698 -4476 1317 4812 -1414
2 0 0 0 0 0 0
1 -2982 -6312 -4090 -301 -1412 -1456
2 0 0 0 0 0 0
1 0 0 0 0 0 0
2 1148 3336 -1210 1300 -2317 -514
2 0 0 0 0 0 0
1 -428 -2704 -3236 -1013 1464 3986
1 -1500 -4944 -3694 -1037 12 1683
1 -1886 -9870 -6842 784 -2722 -832
2 1146 11844 -2948 -1712 -1204 -745
2 4942 15128 -2498 445 3562 424
1 740 -11372 -9118 2694 5609 1474
1 8206 -21402 -15338 -3278 9638 -9527
1 -1708 -24644 -14714 -8169 828 -22648
2 23008 24432 3696 1713 3603 15643
2 4082 29672 -2626 -12508 -4260 22513
2 -3064 9024 434 -5462 -2534 16489
2 -18718 2716 -8290 -6399 -14130 16207
2 -14342 -530 56 3128 -2765 -3582
1 -2444 -5868 -3954 -11158 7362 -10744
1 -10504 -2848 914 -3813 10891 -12748
1 -12864 -1270 8292 -2213 -2880 -2520
1 -3990 -3428 2376 1716 -3131 7939
2 -5784 3070 1182 1824 7426 -11371
1 -3412 -6894 -3054 3133 -12766 9918
1 2134 -20194 -19222 24438 -6407 21475
2 -5910 12820 -966 5170 6026 -16525
2 3694 32767 -3178 1227 3231 -32768
2 22046 25932 -110 4298 -341 -7806
1 15474 -18872 -19440 5754 -12269 3451

1 1676 -7184 -4024 -562 -2854 -1393
2 612 8326 34 -50 85 449
2 546 8192 174 768 -318 -35
1 1054 -7314 -3952 -843 -2179 -559
1 0 0 0 0 0 0
1 0 0 0 0 0 0
1 0 0 0 0 0 0
2 0 0 0 0 0 0
2 0 0 0 0 0 0
2 0 0 0 0 0 0
1 0 0 0 0 0 0
1 0 0 0 0 0 0
2 0 0 0 0 0 0
2 0 0 0 0 0 0
2 1030 3052 -376 1805 548 -1927
2 1348 4932 834 -600 -1313 221
1 1324 -3400 -2634 56 -3753 -1280
1 1012 -4630 -1210 1676 -7436 -2308
1 18222 -22956 3596 9333 -2576 -12514
2 1842 26500 10426 1351 -32768 -6856
1 9634 -21664 -5886 8670 -1455 -22648
2 9516 21282 3322 -6128 12823 12737
1 4088 -10000 -1978 -2174 -22409 -22514
1 -12606 -7600 7556 -14024 -14245 -15027
2 6778 5908 4218 -10542 -4604 25525
2 -32768 12146 10226 9720 -32768 17690
2 -18862 -5118 10482 -6301 -1290 -5477
1 -11594 -3834 10384 3134 -2053 207
1 -5146 -6086 762 8158 7114 13265
2 -5210 6964 2110 -8180 17089 -12749
1 1690 -32768 -4048 16018 -2389 27289
2 2412 29362 6940 -3348 7516 -17529
2 32767 17340 17600 1077 32767 -4251
1 20956 -32768 -10224 4763 29101 32767
2 3960 9644 1178 1782 -20372 3776
2 994 7076 1416 2642 -5713 11219
1 3038 -9950 -1992 -6120 -3739 -6744
1 678 -7314 -1826 -2650 8163 -15964
1 1922 -8862 -4288 -369 -2775 -14815
2 -184 6776 342 5936 -15687 1877

1 -1382 -6760 -3730 -669 1242 1059
2 -282 8130 -1356 -36 1551 -150
2 298 8110 -1240 1274 287 164
1 -1242 -6688 -4042 1600 774 -23
1 0 0 0 0 0 0
1 0 0 0 0 0 0
2 0 0 0 0 0 0
2 0 0 0 0 0 0
1 0 0 0 0 0 0
2 0 0 0 0 0 0
1 -1154 -6346 -4314 -957 615 2037
1 3098 -1228 -4102 -4372 5706 7141
2 0 0 0 0 0 0
2 7108 3470 -1270 5210 6212 -947
1 -1374 -18876 -11644 -1454 -7586 -10022
1 -1266 -29376 -18526 2740 7295 -12966
2 15358 29330 -4004 2695 -3015 8506
2 9060 32767 -4272 -11449 -2828 22304
1 -1956 -12502 -6900 -14221 -770 -22692
1 -16674 -4278 8212 -3833 13446 -19471
2 -30 12394 1080 -5254 -6035 19213
2 -15312 6268 -3646 -8363 15319 22687
2 -20038 -3462 1052 2498 -73 -667
2 -8270 4828 172 3760 4959 -13610
1 -12998 366 9002 2247 3139 -4674
1 -7042 -2010 1690 4320 -1728 7566
1 -8096 -7968 -3072 4336 -10924 13085
1 -5470 -32768 -23738 22219 -2420 28637
2 -8624 18694 -900 7986 -3952 -27548
2 14802 32767 -2962 -1258 12738 -26938
2 12264 19304 556 1306 -10829 -3513
1 9328 -18016 -16590 1646 -16646 -78
2 2930 11708 -2516 -2592 -3821 3156
1 1164 -9970 -9846 3178 694 362
1 -922 -3944 -4642 -824 1417 -563
1 -1114 -2590 -3372 -1471 8454 2111
2 344 4790 -2020 744 1593 3164
2 0 0 0 0 0 0
1 -1736 -8556 -4804 -1233 5153 -595
2 -1158 9842 -1454 1039 -2814 3292

2 1348 8314 -144 -598 798 567
1 1920 -7114 -3956 -683 -1267 -1533
2 988 8258 -96 -382 -318 728
1 1464 -7170 -3718 -537 -1867 -962
1 1390 -7042 -3754 11 -200 98
2 0 0 0 0 0 0
1 0 0 0 0 0 0
2 0 0 0 0 0 0
1 0 0 0 0 0 0
2 0 0 0 0 0 0
2 0 0 0 0 0 0
1 0 0 0 0 0 0
2 0 0 0 0 0 0
1 2036 -6290 -3562 992 -2300 366
2 1712 2710 -6 473 -1913 -3131
2 -1782 3836 3474 239 -6445 -2894
1 1398 -2790 -2402 -369 -4424 94
1 2070 -3346 220 2972 -5115 -1695
1 9876 -22384 1324 10077 -16549 -12478
2 -1374 25446 3246 -5343 -7642 5659
1 14126 -20392 2018 11368 4441 -13035
2 18356 22328 7288 -1595 1544 12889
1 5922 -11196 184 1602 -27545 -24489
1 -10550 -13128 6678 -16649 -5781 -18863
2 -1574 7464 2936 -4066 -1874 24480
2 -13696 10494 8976 6877 -32768 11263
1 -21378 -3014 16936 2516 -1536 2315
2 -18134 -5084 11864 -5449 4713 -3959
1 -3666 -9842 -2170 4982 6290 20161
2 -7658 7692 3714 -11333 10770 -15664
2 -66 29812 7866 -5906 5184 -20545
1 4398 -27794 -1192 8522 -8411 27489
2 32767 16146 -298 2754 25369 32767
1 32767 -32768 -8244 -1699 19946 30882
2 -3072 9104 606 -1173 -12503 11026
2 -942 5996 174 2220 -1102 10922
1 6874 -10196 -9428 -3587 7689 -13664
1 -194 -6278 -1624 -4494 627 -15773
2 0 0 0 0 0 0
1 16 -8646 -5450 -3970 -12831 -11207

2 -1430 8530 -378 454 -5760 1159
1 -1222 -7152 -4454 1560 -40 732
1 -1980 -7102 -4370 1532 693 490
2 -762 7614 182 824 -3546 -316
1 0 0 0 0 0 0
2 -588 8542 164 -255 -1477 -317
2 0 0 0 0 0 0
1 0 0 0 0 0 0
2 0 0 0 0 0 0
1 0 0 0 0 0 0
1 0 0 0 0 0 0
1 -602 -2944 -3084 -1225 2182 3075
2 -184 7142 -410 67 -516 270
2 418 3616 154 1169 -2960 860
1 -76 -7420 -6394 -913 1899 3036
2 1944 11332 -1588 1264 -4557 2135
1 -1528 -24734 -12876 4677 12099 4637
2 20300 27454 -454 -1016 14479 5189
2 1840 30786 68 -3015 -10960 23681
2 -1816 8726 -994 1432 -7716 18208
1 758 -23704 -14284 -2729 3807 -19479
1 -2712 -9098 -4342 -9465 -4120 -24103
1 0 0 0 0 0 0
1 -22184 -2940 12758 -2659 5009 3566
2 0 0 0 0 0 0
2 -32768 -3260 450 892 10267 -5073
1 -7382 -9166 -1122 7159 -7111 16929
2 -9056 12464 -744 5947 2522 -21308
1 5694 -19670 -19024 12836 -14386 19115
2 -1574 32767 2166 10608 -6470 -27632
1 12458 -26732 -23094 11917 -3862 7179
1 -1656 -14804 -11464 124 -2298 -4017
2 18028 31618 332 2680 -4310 -11198
2 4524 17098 48 -1674 -11458 3903
2 -372 8232 -2566 -857 -445 4797
2 172 3248 -1364 1797 2696 4149
1 -2650 -8036 -4568 -2507 6809 -998
1 -950 -2222 -2704 -4411 7845 2508
2 0 0 0 0 0 0
1 0 0 0 0 0 0

