2337 6312 -3434 518 -855 -101
2343 6263 -3445 498 -829 -95
2318 6300 -3448 513 -853 -97
2364 6274 -3455 520 -853 -80
2368 6280 -3476 504 -858 -69
2339 6296 -3474 499 -859 -61
2314 6295 -3472 525 -862 -62
2328 6299 -3439 518 -861 -81
2320 6288 -3445 521 -858 -92
2318 6297 -3439 502 -849 -106
2333 6270 -3453 509 -848 -93
2376 6312 -3467 515 -851 -80
2349 6286 -3454 510 -855 -70
2303 6313 -3450 503 -858 -64
2283 6300 -3451 522 -867 -62
2353 6225 -3298 460 -859 -139
2457 6296 -3486 496 -815 -167
2228 6395 -3492 505 -841 -92
2245 6316 -3417 504 -855 -83
2407 6243 -3475 503 -856 -76

2296 6293 -3438 529 -856 -72
2293 6278 -3446 500 -864 -77
2326 6275 -3457 483 -867 -89
2299 6265 -3495 484 -858 -94
2344 6244 -3533 505 -846 -87
2307 6265 -3498 537 -849 -75
2302 6269 -3502 545 -843 -73
2302 6274 -3467 532 -848 -69
2300 6270 -3460 511 -856 -75
2303 6277 -3448 482 -859 -82
2315 6281 -3496 481 -861 -92
2306 6275 -3513 492 -854 -90
2323 6280 -3488 515 -849 -82
2323 6272 -3496 531 -839 -82
2315 6276 -3484 537 -846 -73
2318 6261 -3477 523 -854 -76
2288 6264 -3441 507 -854 -76
2314 6289 -3474 482 -862 -88
2308 6282 -3468 486 -858 -90
2320 6262 -3520 502 -852 -88

4549 5722 -2612 515 -888 -137
4556 5672 -2564 534 -843 -98
4574 5696 -2556 494 -846 -57
4565 5676 -2596 485 -842 -29
4568 5708 -2556 499 -863 -103
4562 5707 -2592 507 -861 -82
4571 5738 -2570 502 -837 -7
4602 5676 -2587 508 -857 -85
4593 5671 -2565 498 -873 -97
4529 5725 -2556 476 -833 -3
4577 5688 -2541 496 -896 -228
4506 5668 -2546 517 -890 -207
4595 5697 -2565 463 -816 151
4568 5704 -2552 498 -875 -119
4573 5724 -2598 519 -872 -106
4473 5740 -2609 553 -793 -27
4588 5652 -2570 498 -853 -85
4535 5701 -2625 537 -882 -213
4551 5679 -2554 515 -836 -41
4562 5689 -2574 506 -859 -76

4509 5955 -2244 512 -859 -95
4498 5935 -2283 521 -862 -88
4502 5910 -2220 519 -855 -128
4504 5943 -2258 506 -862 -86
4499 5923 -2258 503 -860 -127
4483 5926 -2259 507 -861 -132
4482 5927 -2233 509 -855 -102
4518 5909 -2216 525 -867 -135
4487 5940 -2254 517 -852 -92
4491 5935 -2257 514 -851 -70
4470 5925 -2270 513 -855 -52
4482 5945 -2284 515 -855 -106
4498 5961 -2264 507 -852 -128
4502 5945 -2238 497 -847 -56
4488 5953 -2263 508 -851 -74
4482 5950 -2246 516 -844 -83
4493 5968 -2263 502 -832 42
4510 5927 -2236 498 -844 73
4509 5943 -2243 495 -848 -42
4488 5927 -2242 505 -854 -91

3677 6118 -2386 362 -756 128
3786 6082 -2496 487 -846 -24
3863 6214 -2553 645 -959 -139
4096 6049 -2848 591 -725 -268
3856 6097 -2489 431 -812 201
3865 6205 -2593 533 -933 -273
3761 6133 -2510 561 -825 -93
3787 6300 -2564 515 -878 -83
3754 6252 -2528 545 -893 -194
3709 6289 -2515 468 -816 -80
3735 6177 -2353 516 -841 107
3699 6256 -2478 565 -911 -393
3770 6439 -2635 420 -756 125
3823 6204 -2626 535 -881 -179
3769 6246 -2573 611 -988 -494
3696 6241 -2577 535 -842 -4
3792 6263 -2548 461 -785 225
3811 6235 -2536 550 -928 -287
3750 6249 -2595 517 -862 -122
3773 6250 -2570 497 -832 -64

3715 6242 -2612 510 -848 -68
3738 6214 -2581 494 -825 -45
3718 6253 -2595 501 -856 -94
3762 6231 -2570 518 -864 -88
3752 6228 -2568 519 -859 -74
3760 6215 -2585 509 -837 -36
3745 6242 -2615 511 -847 -61
3733 6218 -2621 521 -868 -110
3738 6218 -2638 515 -857 -99
3774 6210 -2572 499 -843 -82
3737 6233 -2614 507 -858 -93
3714 6222 -2592 512 -857 -86
3730 6243 -2556 511 -858 -74
3745 6219 -2588 519 -854 -74
3744 6247 -2592 502 -836 -53
3725 6229 -2576 517 -868 -108
3742 6238 -2596 508 -859 -107
3740 6223 -2562 505 -847 -81
3714 6235 -2552 500 -853 -92
3706 6260 -2586 511 -863 -87

5042 5334 -2540 548 -836 -424
5025 5308 -2473 489 -836 112
5054 5362 -2528 493 -856 -31
5056 5330 -2458 530 -846 -244
5014 5408 -2493 444 -852 -103
5083 5290 -2495 573 -831 22
5048 5361 -2475 511 -908 31
5033 5353 -2503 509 -856 -167
5027 5393 -2519 495 -825 -153
5077 5313 -2499 538 -829 -104
5044 5362 -2519 506 -858 -38
5041 5324 -2483 511 -847 -177
5046 5322 -2510 506 -855 -3
5059 5307 -2492 522 -845 -89
5066 5330 -2522 496 -860 -58
5065 5321 -2481 507 -858 -70
5040 5325 -2501 518 -849 -87
5066 5316 -2511 513 -847 -99
5053 5347 -2502 497 -858 -18
5007 5335 -2538 490 -827 8

1987 5954 -4067 493 -847 -81
1968 5919 -4038 527 -862 -76
1967 5963 -4025 506 -860 -71
1954 5927 -3977 508 -861 -74
2021 5977 -3998 503 -845 -73
1994 5947 -4000 514 -844 -71
1989 5981 -3985 502 -857 -89
1988 5916 -4035 511 -853 -85
2004 5959 -4058 519 -849 -79
2012 5946 -4008 502 -848 -80
1978 6036 -4082 512 -855 -84
1970 5956 -3981 475 -853 -75
1997 5950 -4015 523 -878 -89
2001 5971 -3989 486 -841 -74
1983 5931 -3986 527 -859 -86
2009 5978 -4048 506 -848 -81
2011 5944 -4032 510 -853 -76
2007 5964 -4057 478 -854 -97
1972 5916 -3946 445 -770 -43
1958 6014 -3949 523 -835 -38

2406 6719 -2799 511 -857 -73
2374 6723 -2772 514 -869 -70
2366 6737 -2777 498 -854 -58
2395 6714 -2769 506 -853 -79
2387 6710 -2787 513 -845 -83
2431 6685 -2781 493 -846 -54
2394 6711 -2787 514 -848 -93
2458 6718 -2810 595 -794 -119
2417 6748 -2835 458 -914 -49
2369 6709 -2753 503 -856 -52
2363 6732 -2762 513 -860 -78
2392 6699 -2740 509 -857 -77
2435 6703 -2780 519 -847 -87
2410 6691 -2771 547 -859 -72
2388 6734 -2800 508 -842 -95
2390 6719 -2787 512 -869 -57
2360 6816 -2831 498 -865 -88
2418 6730 -2792 505 -848 -39
2366 6713 -2836 544 -859 -87
2339 6748 -2774 466 -846 -74

2381 6690 -2830 515 -857 -87
2400 6671 -2859 510 -845 -85
2408 6692 -2843 504 -845 -80
2385 6704 -2832 511 -860 -72
2365 6706 -2824 518 -853 -70
2390 6679 -2843 513 -863 -72
2386 6694 -2822 514 -854 -81
2372 6687 -2848 510 -849 -80
2394 6697 -2861 510 -845 -84
2383 6674 -2819 512 -842 -86
2378 6697 -2855 517 -847 -76
2383 6680 -2825 513 -853 -76
2386 6713 -2821 512 -866 -73
2383 6716 -2821 514 -857 -76
2396 6693 -2827 516 -850 -82
2395 6692 -2828 507 -852 -86
2390 6680 -2840 516 -844 -85
2392 6676 -2859 510 -848 -86
2392 6696 -2860 511 -850 -75
2396 6693 -2820 513 -855 -75

8558 1182 1290 566 286 540
8408 1127 1212 -39 -1045 26
8813 1523 1044 56 191 -476
10894 3376 762 -5074 2635 -6105
5996 1867 1870 -9103 9011 -3993
3998 590 3863 -8083 11287 -3521
937 243 6325 -1124 8553 -3241
-2222 241 8602 -888 11301 -2403
-6329 -969 5253 -1769 9148 482
-9164 -858 4143 -19 3762 -2189
-14019 -1540 4757 -15 3078 -561
-8580 598 3696 4090 -4983 1136
-8385 235 5063 4413 -9633 348
-4756 119 6902 5030 -14529 3710
-177 752 7596 3756 -10193 4333
3824 760 6533 2761 -9357 3339
5204 1463 4872 4513 -9131 1935
7599 2381 3307 5364 -6128 4611
7607 1818 1234 5268 -7090 2379
9165 2690 -626 -38 -1446 5354

10710 4399 -2170 3292 -2504 663
7664 2978 -1908 -263 391 -453
8637 3911 -2328 -5371 4467 -1245
7659 1040 1345 -8525 8242 -3275
4384 25 5940 -5806 10435 -5094
1761 95 7810 -2675 8951 -1776
399 135 8013 -1639 8199 -1472
-4366 -328 6685 17 8180 -1515
-7952 -984 5960 1170 5555 -1442
-8082 771 4394 1582 2261 -1089
-8834 -272 4032 -705 1077 -943
-6700 1213 6032 -114 -1231 -245
-8859 -271 5430 2617 -5944 1151
-7221 146 5354 3137 -9422 2483
-2843 1214 7159 2075 -11791 2009
602 838 6940 1970 -12095 87
3970 1471 5800 2087 -12260 -1243
5441 1020 5508 4029 -9984 397
7750 1540 3176 5825 -7244 1347
8842 1629 1452 7070 -5318 3222

7454 1008 2653 -3194 3623 -2812
5106 1390 3056 -8249 6822 -4321
3359 -692 7023 -3623 6895 -4075
1603 -775 7579 -701 9336 -3536
-2781 -57 6987 -15 8379 -3732
-5965 -286 7797 -492 7435 -1003
-7199 -2087 6731 -3350 7112 -248
-7783 -1573 4847 -2366 5790 1374
-9515 -2006 4744 -810 166 928
-9108 -1949 4247 3363 -4578 982
-8610 -1648 4705 204 -6895 -1429
-5799 -1640 6052 3463 -10276 -302
-2593 -1061 7544 4516 -9454 2180
815 -475 7789 3461 -9495 1485
3752 -118 6919 6544 -10349 3770
8198 483 5110 6764 -10224 4927
8317 565 2764 4970 -5674 2735
10003 963 2040 3984 -2893 299
9571 1224 659 -17 -1620 653
8592 1011 1889 1010 154 411

7288 3969 3313 108 9 -127
10092 5317 3861 -3936 2522 -2536
8621 3689 3339 -8479 5678 -7567
3507 1693 6493 -7500 8318 -6580
97 410 6718 -5829 8205 -6474
-3073 -467 6713 -2494 8995 -5174
-7433 -2124 5468 -2100 8032 -3745
-8632 -2366 3288 -468 5704 -1152
-9240 -1054 2184 300 -569 -389
-9897 -2316 3375 327 -1063 310
-9699 -2017 3103 2987 -6180 1699
-7272 -1258 4712 2021 -8062 1998
-5947 -932 5334 5398 -12205 2995
1113 915 7568 5370 -12713 5457
4080 1782 7329 7035 -9026 5389
4436 1857 5786 10021 -8919 5350
7814 3984 4310 8006 -5211 4102
8673 3334 3851 6079 -2789 2696
8525 4357 2297 2999 -2770 2382
8100 2294 2827 250 -650 514

7431 1198 2901 151 1138 2295
10051 2556 3112 -435 347 -2315
10681 2446 2904 -6265 6805 -3974
7263 -471 5804 -6165 10385 -4772
1973 370 6663 -1894 11189 -4624
-408 -995 6817 -1327 10148 -4234
-5958 -1436 4373 -1222 10977 -3579
-10498 -1131 3679 1149 7202 -2533
-9836 -201 1218 -247 2666 -239
-9506 -703 2300 -210 -2088 -2041
-9819 -592 2488 59 -5517 51
-8107 -1322 2683 4519 -13920 2392
-2389 847 6819 3212 -14230 2265
-532 583 7442 512 -10248 2581
3514 599 7810 5756 -9158 3212
4447 997 5881 5898 -6832 4781
7355 1828 4122 7099 -6727 4653
7941 1540 3095 4905 -3101 4369
7687 2056 2247 2173 -3139 -365
6096 680 3284 321 2570 4530

7996 790 4141 -12 -534 -51
12150 2571 4794 -2636 3307 -226
7977 513 5799 -4367 5248 -3118
6023 570 6426 -2457 8923 -1251
2822 -533 7169 -2711 10722 -2587
-768 -1111 7391 1282 8201 -4044
-3253 -2232 7805 -618 8731 -3544
-7309 -2006 4521 2819 7948 -1458
-9607 -1532 479 901 6174 -1558
-13186 -2241 3345 -2205 3917 -354
-8457 -1060 929 -243 -4844 121
-8791 -716 1148 643 -9275 1924
-7378 -897 4102 -196 -11436 2158
-3557 -701 6447 1092 -12521 869
883 -302 8326 3234 -9069 2231
2101 218 8609 6662 -7397 1545
5463 1551 7671 4524 -7703 1932
7193 2358 6384 4922 -5909 1849
6739 2058 4702 5638 -6203 241
8609 2584 3500 2670 -4617 3924

8101 1802 2307 47 -1636 -1395
11304 3605 2110 -2130 1744 -2003
10181 2594 3254 -7403 6382 -5855
5505 954 4216 -7119 7023 -8709
506 -1968 5929 -8388 10449 -6886
-2919 -989 7738 -890 12720 -5003
-6157 -1795 5335 -2672 9863 -4378
-8314 -2916 2884 -588 6470 -3747
-9742 -4155 1149 -447 5677 311
-10433 -3018 1708 -1331 969 752
-9479 -2489 1268 2627 -5109 2255
-8139 -2108 3170 2250 -7926 2595
-7261 -2077 4699 2661 -10825 3182
-6 -1340 7287 5527 -11513 1395
1612 211 7611 12105 -11379 1998
2720 2331 8417 10072 -9063 4000
7149 3491 4837 9240 -6038 4929
7760 3766 2356 6198 -3420 4791
8307 3658 2044 6498 -2581 4943
4468 3537 938 2899 -1617 -1227

7508 3999 1793 42 -1070 300
7442 4850 1349 -167 -1052 192
9811 6594 731 -6584 2546 -4266
9744 5596 1499 -15316 8931 -6405
2284 665 4057 -12113 12454 -7957
-534 -504 2995 -9276 13069 -5002
-8378 -6177 4673 -11225 9279 -4722
-11295 -8381 3081 -2857 3679 -1769
-8470 -5940 3296 935 -3152 -1719
-6427 -4267 3991 3346 -3158 -411
-6435 -5263 3654 3044 -5379 886
-4631 -5345 5320 6403 -9000 487
-2234 -2719 6223 11312 -11916 756
1308 481 6612 15463 -10380 -1474
3438 2592 6439 15375 -5689 4001
7681 6981 2904 16783 -9265 1544
5559 6119 1407 7612 -7208 9546
8227 4048 1031 2311 -1820 4493
5675 2354 2692 261 -2550 -1071
6530 2871 2934 627 -849 -601

7538 2940 3614 339 -1237 -442
10888 4439 3784 -5786 6064 347
6547 776 4068 -8465 11396 -4725
1876 97 4322 -6332 12805 -6928
-2802 -2736 3965 -5725 14030 -8296
-7482 -4458 2357 -4180 10813 -4843
-8105 -5725 3106 -2809 3969 -5586
-8746 -5540 251 676 1529 -479
-7765 -4198 1212 904 -753 744
-7111 -4174 1580 678 -1343 252
-11126 -7106 299 5992 -6064 2433
-5270 -3401 3205 13264 -16608 9127
-342 2003 4817 10323 -10436 6414
935 1842 5330 6982 -11060 5663
5663 2139 5652 8882 -9075 10770
10806 6650 3012 8205 -8167 4289
9729 4796 2060 2299 -2546 2134
10785 2745 1837 1089 -2239 -2695
8116 2357 3039 479 -1577 752
7780 2097 3374 -593 141 1445

6454 4528 4224 -7898 5186 -891
3179 1811 5725 -8277 9609 3376
437 142 7112 -3408 11175 -704
-1856 1774 7600 -108 10835 -4428
-6486 33 3919 2080 11157 -5190
-9808 123 930 3344 5123 -8250
-9595 -1226 -1210 939 4000 -3241
-9943 -1629 -1458 997 -712 -601
-8920 -1116 281 -6 -2036 939
-10511 -1795 -208 -105 -5484 1591
-9764 -1465 1102 939 -11192 3387
-6085 -929 3690 322 -13166 2383
-876 -482 5895 248 -14309 338
1672 -884 7418 452 -9100 4980
6513 1631 8370 7873 -9572 1189
3694 -171 6023 8198 -9266 -13259
8636 4517 4648 6835 -4972 -3769
7275 5847 2219 4698 -3073 -1639
6867 4614 3050 1092 -1174 -2384
6607 5035 3230 392 -1002 -208

-3706 3671 11205 841 -2167 73
-1983 2589 8623 69 -1313 -331
-2226 2572 7999 975 -297 203
-2632 2926 8583 896 -65 182
-2680 2894 8859 929 -582 460
-3428 3390 10110 910 -669 945
-4761 4121 11625 -1231 -5861 -988
-1456 3387 6734 -12753 -10295 -1195
1811 1124 5782 -6257 -6749 659
3017 -721 6367 -4119 -1223 596
1883 -951 7758 -1989 1308 265
1135 -1049 8121 1328 352 -562
662 -898 8795 -1023 -729 -677
1008 -360 9012 1830 -1261 -815
1333 -809 8167 360 -823 -62
1676 -396 7654 1811 -231 342
1053 264 7887 3358 652 973
213 121 7521 2258 -127 533
1221 -809 5530 2445 469 -1865
16643 -3232 -6344 11988 14905 -386

-1885 -1139 9266 -963 -2013 -4491
-2394 -2299 12467 20 -4911 -4868
3642 -461 8626 3192 -8877 -2412
1105 -1615 9076 770 -3043 445
714 -1598 7756 -2379 -558 -250
28 -2441 7911 -2753 112 -1246
753 -2661 7952 -466 -1772 -685
1402 -2591 7712 -840 -1435 -894
1576 -2673 7311 -92 -828 -448
1100 -2549 7508 1066 -871 -150
1209 -1888 7341 2082 -339 162
745 -1190 8243 3926 -183 615
249 -1286 7088 4913 174 1052
-1335 -1001 9759 7330 4121 -2986
-4180 473 15169 8469 758 -1614
-2924 -665 10458 119 -723 -840
-1950 -498 8430 745 115 239
-3467 -80 8730 721 2268 980
-3655 -37 9476 102 254 -828
-4638 35 9060 -385 279 -685

1057 -1655 4761 4823 -52 447
430 -1262 6269 9629 -2144 344
-1856 1118 15434 2638 5863 -4899
485 279 12468 1377 -231 -177
109 820 8658 -374 -1046 -146
-427 679 8935 240 -816 112
-660 639 9504 441 -335 -222
-952 437 12614 2139 -969 1187
2852 1128 8530 -6999 -10676 -11
1014 261 8001 -2202 -3528 1838
612 -428 6782 -2474 -880 -172
501 -1187 7529 -2371 -1021 -306
1034 -1325 8122 -229 -1117 -1589
1336 -1310 8824 -607 -1191 -705
1210 -1713 8801 -536 -619 -498
490 -1959 9134 -344 -789 -268
622 -2159 8134 -75 -734 -139
751 -1927 7179 1632 -851 359
1663 -768 6497 2995 709 564
557 -395 5401 4571 -583 961

-3807 -841 7983 558 -505 63
-4360 -819 8584 1214 -287 -183
-11466 -817 19214 -622 -6974 -3493
-1843 -492 10364 -9568 -4301 -3363
811 -3881 4671 -2033 -2665 1243
-1908 -3594 7452 -1540 827 -1018
-637 -3280 6818 1782 -1671 -1624
-510 -3059 7581 1040 -849 -2957
388 -3004 7339 739 -2404 -2210
1042 -2347 6611 1139 -426 -1365
703 -2170 7425 2441 114 -612
-307 -1832 8469 3324 -913 1106
1555 -2088 6319 213 -1996 -1228
2308 -2022 5195 3765 636 -1543
-2172 -6406 12330 -2161 7652 5494
-3481 -1762 11139 1976 646 779
-4125 -764 9100 1726 1775 538
-4405 482 9680 1177 -943 633
-3585 -247 8256 -657 -2051 -259
-3077 -210 8033 19 -1253 280

-7285 44 8774 -342 -8823 -484
-2568 482 9381 -3989 -7281 -1306
-3044 -267 9113 -3907 -103 -1565
-2470 -1608 8567 -2535 -358 -1433
-2200 -2681 7544 -2986 -1802 -1416
-2006 -3480 6767 331 -2115 -1567
-671 -2782 7919 934 -1170 -643
-894 -2696 7874 -303 16 -583
-1418 -3209 7105 1099 -668 755
-1108 -2800 7872 2323 -1201 -386
-126 -1569 7610 1941 -1042 534
-1153 -1109 7204 4043 -1410 1299
-1316 -1508 7463 4901 -694 157
10746 8243 -10651 12042 27291 -7149
-5147 -640 12922 1937 -208 202
-3871 -267 9851 135 -342 -29
-3871 -46 8524 392 -627 392
-3889 -34 9103 554 -828 -18
-3924 34 9105 -93 -1020 -83
-3322 23 7855 -201 -1130 288

-4675 3213 7790 365 1280 -1171
-6465 3378 7556 2030 135 1060
-9805 5648 11694 -6142 -4695 -3239
-3644 4693 2450 -17793 -22769 -5928
543 -1084 4407 -4521 -5699 -1201
245 -1371 6534 -834 -1032 -27
-1053 -2222 7475 -2499 -81 -227
-930 -1858 7908 1802 -1563 -718
-556 -1344 8379 296 -1278 -1016
-376 -1706 8653 28 -1432 -1135
193 -1340 7956 1019 -1013 -226
39 -1144 7348 800 -450 996
-658 -1225 7378 1895 363 1342
-958 -378 7853 3665 -549 1725
55 -380 5640 4497 482 868
-1611 1002 8445 4794 1101 197
-5388 1800 11529 7445 1642 -2003
-3948 2047 9000 -66 86 -2038
-5090 1433 8661 357 681 -389
-5652 2018 8658 -336 325 -997

-5916 804 6078 670 -1004 -5
-6182 570 6521 677 -759 163
-7854 317 7507 227 -1083 513
-7009 526 7598 -1835 -3205 -2166
-6004 -375 8671 -2876 -8256 -3993
-4116 -960 9397 -322 4744 -501
-2160 -1756 7991 -324 -1231 -1294
-2579 -2131 7169 -2108 -814 -1352
-2435 -2797 7327 -1695 -557 -902
-2342 -3130 7225 522 -1759 -824
-2082 -3035 7636 -658 -1250 -1466
-1941 -3108 6901 -559 -1010 -441
-1515 -3542 5923 1204 -812 272
-736 -2616 5179 2874 -223 1355
-1442 -1784 5381 7363 903 3757
-3322 505 7469 8877 2161 4357
-10547 2574 10764 4251 6618 5606
-9167 696 7270 -120 2495 -1234
-7641 -81 4928 -768 1190 -2147
-7618 -7 4302 64 -1572 -607

-9539 -1434 7910 -382 -2411 -2514
-6261 -1383 8619 -1411 -6282 -4660
-2285 -1640 6994 -1454 -11792 -2075
-2433 -2446 7570 -2187 -4846 -1627
-1840 -2632 7256 -1934 -698 -1974
-1544 -3235 6676 -1825 -1658 -1608
-1132 -3662 6884 -1042 -2132 -1411
-634 -3663 7146 227 -984 -1206
-1035 -3490 7313 -282 -842 -57
-1219 -3786 6282 588 -754 263
-1346 -3152 5794 2106 296 1362
-1685 -2939 6580 3833 1347 1543
-1771 -2243 7294 5678 966 2370
-28666 -10182 25424 -7369 15027 13589
-8606 -626 9376 3807 648 5633
-7446 145 6872 1378 455 1024
-7008 559 6460 761 -1400 -376
-6011 646 6398 465 -948 -11
-6523 597 6137 204 -217 472
-6151 1159 6148 -1094 3650 1745

-7237 -14 7877 179 -1270 -538
-8945 -409 9452 -3293 -3662 -1967
-5199 -356 8617 -3696 -8549 -2789
-3709 -1365 8122 -4596 -5740 -1475
-2661 -1857 7456 -2484 -2050 -1470
-1938 -2090 7190 -2804 -1187 -1792
-1596 -2880 6996 -1495 -1322 -1734
-1271 -3032 7339 -88 -1060 -685
-1044 -3075 6945 -1079 -963 -133
-1644 -3751 6301 1783 -548 455
-1665 -2752 6508 2710 -463 337
-2222 -1996 6993 2745 -1387 411
-1942 -1610 7834 3371 -1953 -315
-1629 -1494 9137 5878 1058 1051
-7398 -985 11947 5361 2924 1530
-6141 -1198 9749 -489 1253 312
-5589 -1299 7557 445 -21 114
-4812 -480 7520 656 -587 362
-5098 -441 7332 531 -1452 372
-5191 -421 7620 493 -930 220

-3965 -801 9896 -2063 -6655 -2075
-1081 -903 10913 50 3313 2103
-353 -1708 8442 -2068 -2590 1636
-978 -2893 7229 -3862 -870 -306
-890 -3571 6919 -2899 -377 -1092
-351 -3654 7221 570 -2061 -1792
584 -3219 6283 -334 -1537 -1253
767 -3528 5903 678 -906 -166
558 -3421 5493 2649 355 -410
-1011 -2343 7013 5121 1119 -22
-823 -641 7521 7520 359 -610
-902 -2888 12711 -225 10925 1650
-5166 -1524 9834 1574 2420 2235
-5997 -1255 6544 3129 4917 1911
-6157 25 6038 448 -225 258
-6941 446 5848 799 -562 1242
-7077 649 5660 1149 -1399 1046
-7474 676 6441 521 -698 165
-7758 663 7445 -647 -1666 -611
-6568 541 7872 -2216 -3223 -2309

-2083 -3544 7440 554 -11114 -8105
340 -4309 7488 558 -13596 -9030
5084 -2718 4696 -239 -14340 -9286
8255 -1364 900 48 -11014 -7273
8559 -373 -891 -662 -6104 -4074
7676 408 -2980 24 -5268 -4428
7893 1096 -2826 -145 -2026 -1412
7537 514 -2613 591 -652 89
7392 707 -2751 663 -97 -8
7909 634 -2510 604 1564 813
9536 855 -3092 -847 3339 1935
8224 907 1061 -3220 15502 10997
4507 -2831 5481 -3216 11054 8628
2572 -3791 6356 -934 6520 5394
456 -3724 7914 -1906 7407 6033
-4322 -4648 8659 -3669 10261 9090
-5181 -4112 5600 287 1146 1742
-5987 -3904 5713 321 -893 928
-5105 -4212 5202 22 -1646 -1000
-4804 -4335 5885 208 -1433 -906

3081 -3223 5509 105 -12256 -8543
6634 -2942 4714 -1214 -9288 -5525
8535 -1894 2169 -1017 -8208 -5385
9229 -510 -1074 -834 -7997 -5258
7657 -143 -1842 -512 -5036 -3697
8243 1237 -3642 166 -3474 -2444
7810 626 -3022 416 -1495 -248
7180 1059 -3027 -134 -1453 -1065
8219 1134 -4300 373 -191 -68
8658 995 -3467 1655 6602 4560
10633 378 -4780 556 10089 7258
9291 -959 -1170 2057 9375 7889
7507 -2470 3150 -1259 6793 6296
5597 -3004 4455 -166 6541 5226
3893 -3440 5697 -1305 5643 5570
423 -4867 7380 -665 3212 4425
115 -4485 6975 -789 3227 2923
-2110 -5030 6954 -1371 4267 4702
-3572 -5100 6370 -346 1387 2907
-4181 -4967 5697 517 -964 -66

-4623 -5487 6240 1075 -1697 -93
-4557 -5710 7345 785 -1720 -596
-4044 -5814 8345 3467 -8863 -3867
-744 -5070 8238 2818 -10596 -3446
2425 -4126 7803 2368 -9314 -4031
5770 -3096 5421 1496 -10257 -5040
7721 -1831 2100 1996 -10531 -5532
8593 -424 129 246 -8060 -4699
8578 483 -2646 -1017 -6274 -3574
7910 260 -3366 -335 -4680 -981
7597 544 -4344 530 -1227 -1221
7219 357 -3085 -137 -347 -98
7529 314 -3445 45 728 1078
7831 -336 -4266 -534 6029 3599
7695 -38 1047 -3566 11138 6876
7203 -1795 5252 -2664 6346 4654
4348 -4010 7082 -1904 6312 5196
3088 -3638 7508 -419 5494 4368
-43 -4696 7842 -2254 6109 5067
-2235 -5352 6422 -411 1104 2397

897 -1723 8960 1810 -10657 315
7065 -1095 6842 -5985 -11214 -2086
9656 -607 466 -1941 -12919 -4711
8712 -125 -2767 -768 -7524 -2729
6916 122 -4305 -785 -7078 -2887
6509 319 -5516 1391 -3884 -2119
5713 -21 -5036 693 -1361 -1061
6191 535 -4910 948 -39 -875
6221 838 -4347 483 -99 308
6745 614 -4774 602 1401 154
8177 184 -4914 341 9401 121
8118 1353 -1334 -2741 11582 691
7812 -273 638 -339 11655 4498
5448 -1280 5089 -1560 10646 5070
2776 -2096 7860 -43 3541 2820
1041 -2532 9120 -118 2520 3059
846 -2629 8504 -1727 3577 1629
-1118 -3353 8755 -527 1821 1020
-1611 -3406 9186 820 -655 203
-895 -3056 9288 762 -1189 -219

-3051 -3417 8491 3821 -9557 -2685
592 -2369 8128 2431 -14080 -3337
4143 -2071 5932 2135 -13853 -3043
7532 -1350 2453 -872 -13619 -4205
6695 -376 -1036 -455 -14059 -7708
7092 2287 -6434 -1071 -8487 -3071
5972 1607 -5939 1933 -3702 -789
5043 1049 -5165 1241 -2550 -1042
5196 1982 -5821 778 -1216 -269
5537 1585 -6041 -18 149 -144
7062 1718 -6232 -830 3169 832
7559 1881 -4155 -1131 6334 1582
9738 2163 -4201 -1783 5877 2228
9049 1238 -193 -1656 8081 5755
6326 -494 4233 -3229 8072 5001
4345 -1674 7380 -3213 3098 3562
2095 -3387 9040 -1516 5098 4474
-79 -4126 9169 -813 2901 3202
1001 -3865 7041 -434 33 1002
2197 -3193 5793 -645 820 525

-5954 -5525 8816 2488 -6701 -2927
-205 -3064 7419 4474 -14696 -6546
5164 -1859 5493 2054 -12106 -5139
6722 -1687 3892 824 -13121 -4694
7320 -906 -219 565 -13733 -5187
7348 823 -4486 -1017 -9718 -5298
6500 1066 -5618 1127 -4567 -1728
5647 769 -5691 210 -3613 -1034
5308 736 -6086 1007 -2461 -4
6006 551 -6870 734 735 -263
6155 613 -5330 1088 2072 667
7450 946 -5577 -809 5994 2557
8371 1075 -4796 -2389 9868 3523
8115 -65 -111 -827 10412 5763
7012 -1703 3817 -354 8087 5577
4594 -2979 5576 -2027 6782 5137
3309 -3540 6487 -2342 6133 4382
899 -4409 7649 -394 5800 3533
-572 -4574 7557 -180 4271 3352
-2936 -5191 7140 5 770 1343

-6667 -3802 4610 837 913 1669
-8703 -4654 6438 2120 -7998 -2880
-1201 -2639 5138 5507 -14950 -6676
1598 -3037 7545 3158 -14528 -5432
5532 -1483 4760 2440 -15220 -5485
7686 -216 1286 1589 -12819 -5360
8837 631 -2294 1017 -6045 -1802
7687 408 -1785 776 -3561 -965
7263 829 -2951 -1112 -4406 -797
6655 545 -3608 -376 -3064 -1322
7369 857 -5673 -334 178 -950
7789 1283 -3781 807 1791 921
6776 -190 -2229 815 9513 3849
9547 1037 -1195 -1773 9435 3801
9063 356 1839 -1595 7914 1833
7556 -261 4506 -3545 9259 4198
3416 -1877 7131 -5654 9316 6877
-1127 -3631 7625 -4784 7660 5977
-4736 -4540 7499 409 1890 3039
-5315 -4482 7853 1088 -1159 813

-8490 -3828 3028 2064 -5293 -1328
-4202 -2575 3798 3660 -13145 -4796
-1232 -2623 7209 3692 -10412 -4498
1037 -2858 7854 4191 -14146 -4401
5621 -1757 5670 3046 -13251 -4044
8216 -264 3445 3095 -8712 -3571
7914 -191 2052 1251 -6066 -2337
8593 953 158 635 -5333 -1879
9016 822 -1334 -2013 -2785 -1421
8533 952 184 1014 259 11
9258 793 -521 943 2316 309
11348 1142 -1586 262 7080 987
8838 674 1915 -2219 7146 2002
9129 518 3285 -2764 6958 2293
7629 -341 4720 -3299 10326 4759
3758 -1934 6465 -3750 9690 4704
1611 -2455 6400 -3055 8494 3573
-1253 -3038 5531 -4486 11765 3556
-7442 -4305 6065 -5432 8656 5186
-6904 -3820 3861 -820 1976 1458

237 -2013 9622 148 -2391 -22
937 -2322 8585 -910 -13197 -326
5246 -2491 5747 -1634 -12493 -2023
6614 -2317 3424 -353 -13060 -1331
7412 -1367 -675 -2583 -7792 -452
7416 -1242 -4782 -3769 -8553 -80
7345 -1117 -5752 -2031 -4841 1567
5552 -1496 -6358 -1219 -3397 847
3937 -1879 -6861 1121 -688 -753
4648 -1287 -5265 1404 -160 -953
5264 -1150 -5387 1094 -78 -495
6575 -1320 -4470 2093 3902 835
7575 -1105 -3261 1113 5415 -577
7426 -1635 466 1750 4961 1954
7299 -1286 3724 728 5940 330
6274 -1219 5702 1039 6995 -357
4730 -1990 7064 373 6177 1478
3559 -2354 7350 1420 5316 1770
850 -2418 9128 1898 6052 1255
-33 -2423 9118 958 1013 810

1909 -2608 6171 6855 -16067 -4223
6403 -631 5692 5325 -15056 55
6870 -1243 1773 3937 -15783 826
7511 -595 -2649 -2502 -9370 27
7469 -1126 -3738 74 -1378 597
7087 -752 -2639 -96 -913 -129
7699 -417 -3557 142 -1018 -105
7789 -517 -3824 258 -358 -71
7675 -641 -3393 379 -25 -53
8295 -352 -3217 -81 592 -98
8737 -418 -3454 -465 2377 -119
9855 -111 -2017 -2789 8603 2495
6724 -881 4109 -2539 7452 1333
7155 -1408 4399 -4478 10854 2775
487 -2749 6956 -1993 12458 3908
-4185 -2846 9875 -1020 6129 2275
-4420 -3772 7941 -265 1321 930
-3424 -3394 7716 5 -2436 -325
-2791 -3272 7636 361 -1489 -78
-2899 -3304 7679 707 -1116 236