2337 6312 -3434 518 -855 -101
2343 6263 -3445 498 -829 -95
2318 6300 -3448 513 -853 -97
2364 6274 -3455 520 -853 -80
2368 6280 -3476 504 -858 -69
2339 6296 -3474 499 -859 -61
2314 6295 -3472 525 -862 -62
2328 6299 -3439 518 -861 -81
2320 6288 -3445 521 -858 -92
2318 6297 -3439 502 -849 -106
2333 6270 -3453 509 -848 -93
2376 6312 -3467 515 -851 -80
2349 6286 -3454 510 -855 -70
2303 6313 -3450 503 -858 -64
2283 6300 -3451 522 -867 -62
2353 6225 -3298 460 -859 -139
2457 6296 -3486 496 -815 -167
2228 6395 -3492 505 -841 -92
2245 6316 -3417 504 -855 -83
2407 6243 -3475 503 -856 -76

2296 6293 -3438 529 -856 -72
2293 6278 -3446 500 -864 -77
2326 6275 -3457 483 -867 -89
2299 6265 -3495 484 -858 -94
2344 6244 -3533 505 -846 -87
2307 6265 -3498 537 -849 -75
2302 6269 -3502 545 -843 -73
2302 6274 -3467 532 -848 -69
2300 6270 -3460 511 -856 -75
2303 6277 -3448 482 -859 -82
2315 6281 -3496 481 -861 -92
2306 6275 -3513 492 -854 -90
2323 6280 -3488 515 -849 -82
2323 6272 -3496 531 -839 -82
2315 6276 -3484 537 -846 -73
2318 6261 -3477 523 -854 -76
2288 6264 -3441 507 -854 -76
2314 6289 -3474 482 -862 -88
2308 6282 -3468 486 -858 -90
2320 6262 -3520 502 -852 -88

4549 5722 -2612 515 -888 -137
4556 5672 -2564 534 -843 -98
4574 5696 -2556 494 -846 -57
4565 5676 -2596 485 -842 -29
4568 5708 -2556 499 -863 -103
4562 5707 -2592 507 -861 -82
4571 5738 -2570 502 -837 -7
4602 5676 -2587 508 -857 -85
4593 5671 -2565 498 -873 -97
4529 5725 -2556 476 -833 -3
4577 5688 -2541 496 -896 -228
4506 5668 -2546 517 -890 -207
4595 5697 -2565 463 -816 151
4568 5704 -2552 498 -875 -119
4573 5724 -2598 519 -872 -106
4473 5740 -2609 553 -793 -27
4588 5652 -2570 498 -853 -85
4535 5701 -2625 537 -882 -213
4551 5679 -2554 515 -836 -41
4562 5689 -2574 506 -859 -76

4509 5955 -2244 512 -859 -95
4498 5935 -2283 521 -862 -88
4502 5910 -2220 519 -855 -128
4504 5943 -2258 506 -862 -86
4499 5923 -2258 503 -860 -127
4483 5926 -2259 507 -861 -132
4482 5927 -2233 509 -855 -102
4518 5909 -2216 525 -867 -135
4487 5940 -2254 517 -852 -92
4491 5935 -2257 514 -851 -70
4470 5925 -2270 513 -855 -52
4482 5945 -2284 515 -855 -106
4498 5961 -2264 507 -852 -128
4502 5945 -2238 497 -847 -56
4488 5953 -2263 508 -851 -74
4482 5950 -2246 516 -844 -83
4493 5968 -2263 502 -832 42
4510 5927 -2236 498 -844 73
4509 5943 -2243 495 -848 -42
4488 5927 -2242 505 -854 -91

3677 6118 -2386 362 -756 128
3786 6082 -2496 487 -846 -24
3863 6214 -2553 645 -959 -139
4096 6049 -2848 591 -725 -268
3856 6097 -2489 431 -812 201
3865 6205 -2593 533 -933 -273
3761 6133 -2510 561 -825 -93
3787 6300 -2564 515 -878 -83
3754 6252 -2528 545 -893 -194
3709 6289 -2515 468 -816 -80
3735 6177 -2353 516 -841 107
3699 6256 -2478 565 -911 -393
3770 6439 -2635 420 -756 125
3823 6204 -2626 535 -881 -179
3769 6246 -2573 611 -988 -494
3696 6241 -2577 535 -842 -4
3792 6263 -2548 461 -785 225
3811 6235 -2536 550 -928 -287
3750 6249 -2595 517 -862 -122
3773 6250 -2570 497 -832 -64

3715 6242 -2612 510 -848 -68
3738 6214 -2581 494 -825 -45
3718 6253 -2595 501 -856 -94
3762 6231 -2570 518 -864 -88
3752 6228 -2568 519 -859 -74
3760 6215 -2585 509 -837 -36
3745 6242 -2615 511 -847 -61
3733 6218 -2621 521 -868 -110
3738 6218 -2638 515 -857 -99
3774 6210 -2572 499 -843 -82
3737 6233 -2614 507 -858 -93
3714 6222 -2592 512 -857 -86
3730 6243 -2556 511 -858 -74
3745 6219 -2588 519 -854 -74
3744 6247 -2592 502 -836 -53
3725 6229 -2576 517 -868 -108
3742 6238 -2596 508 -859 -107
3740 6223 -2562 505 -847 -81
3714 6235 -2552 500 -853 -92
3706 6260 -2586 511 -863 -87

5042 5334 -2540 548 -836 -424
5025 5308 -2473 489 -836 112
5054 5362 -2528 493 -856 -31
5056 5330 -2458 530 -846 -244
5014 5408 -2493 444 -852 -103
5083 5290 -2495 573 -831 22
5048 5361 -2475 511 -908 31
5033 5353 -2503 509 -856 -167
5027 5393 -2519 495 -825 -153
5077 5313 -2499 538 -829 -104
5044 5362 -2519 506 -858 -38
5041 5324 -2483 511 -847 -177
5046 5322 -2510 506 -855 -3
5059 5307 -2492 522 -845 -89
5066 5330 -2522 496 -860 -58
5065 5321 -2481 507 -858 -70
5040 5325 -2501 518 -849 -87
5066 5316 -2511 513 -847 -99
5053 5347 -2502 497 -858 -18
5007 5335 -2538 490 -827 8

1987 5954 -4067 493 -847 -81
1968 5919 -4038 527 -862 -76
1967 5963 -4025 506 -860 -71
1954 5927 -3977 508 -861 -74
2021 5977 -3998 503 -845 -73
1994 5947 -4000 514 -844 -71
1989 5981 -3985 502 -857 -89
1988 5916 -4035 511 -853 -85
2004 5959 -4058 519 -849 -79
2012 5946 -4008 502 -848 -80
1978 6036 -4082 512 -855 -84
1970 5956 -3981 475 -853 -75
1997 5950 -4015 523 -878 -89
2001 5971 -3989 486 -841 -74
1983 5931 -3986 527 -859 -86
2009 5978 -4048 506 -848 -81
2011 5944 -4032 510 -853 -76
2007 5964 -4057 478 -854 -97
1972 5916 -3946 445 -770 -43
1958 6014 -3949 523 -835 -38

2406 6719 -2799 511 -857 -73
2374 6723 -2772 514 -869 -70
2366 6737 -2777 498 -854 -58
2395 6714 -2769 506 -853 -79
2387 6710 -2787 513 -845 -83
2431 6685 -2781 493 -846 -54
2394 6711 -2787 514 -848 -93
2458 6718 -2810 595 -794 -119
2417 6748 -2835 458 -914 -49
2369 6709 -2753 503 -856 -52
2363 6732 -2762 513 -860 -78
2392 6699 -2740 509 -857 -77
2435 6703 -2780 519 -847 -87
2410 6691 -2771 547 -859 -72
2388 6734 -2800 508 -842 -95
2390 6719 -2787 512 -869 -57
2360 6816 -2831 498 -865 -88
2418 6730 -2792 505 -848 -39
2366 6713 -2836 544 -859 -87
2339 6748 -2774 466 -846 -74

2381 6690 -2830 515 -857 -87
2400 6671 -2859 510 -845 -85
2408 6692 -2843 504 -845 -80
2385 6704 -2832 511 -860 -72
2365 6706 -2824 518 -853 -70
2390 6679 -2843 513 -863 -72
2386 6694 -2822 514 -854 -81
2372 6687 -2848 510 -849 -80
2394 6697 -2861 510 -845 -84
2383 6674 -2819 512 -842 -86
2378 6697 -2855 517 -847 -76
2383 6680 -2825 513 -853 -76
2386 6713 -2821 512 -866 -73
2383 6716 -2821 514 -857 -76
2396 6693 -2827 516 -850 -82
2395 6692 -2828 507 -852 -86
2390 6680 -2840 516 -844 -85
2392 6676 -2859 510 -848 -86
2392 6696 -2860 511 -850 -75
2396 6693 -2820 513 -855 -75