-2083 -3544 7440 554 -11114 -8105
340 -4309 7488 558 -13596 -9030
5084 -2718 4696 -239 -14340 -9286
8255 -1364 900 48 -11014 -7273
8559 -373 -891 -662 -6104 -4074
7676 408 -2980 24 -5268 -4428
7893 1096 -2826 -145 -2026 -1412
7537 514 -2613 591 -652 89
7392 707 -2751 663 -97 -8
7909 634 -2510 604 1564 813
9536 855 -3092 -847 3339 1935
8224 907 1061 -3220 15502 10997
4507 -2831 5481 -3216 11054 8628
2572 -3791 6356 -934 6520 5394
456 -3724 7914 -1906 7407 6033
-4322 -4648 8659 -3669 10261 9090
-5181 -4112 5600 287 1146 1742
-5987 -3904 5713 321 -893 928
-5105 -4212 5202 22 -1646 -1000
-4804 -4335 5885 208 -1433 -906

3081 -3223 5509 105 -12256 -8543
6634 -2942 4714 -1214 -9288 -5525
8535 -1894 2169 -1017 -8208 -5385
9229 -510 -1074 -834 -7997 -5258
7657 -143 -1842 -512 -5036 -3697
8243 1237 -3642 166 -3474 -2444
7810 626 -3022 416 -1495 -248
7180 1059 -3027 -134 -1453 -1065
8219 1134 -4300 373 -191 -68
8658 995 -3467 1655 6602 4560
10633 378 -4780 556 10089 7258
9291 -959 -1170 2057 9375 7889
7507 -2470 3150 -1259 6793 6296
5597 -3004 4455 -166 6541 5226
3893 -3440 5697 -1305 5643 5570
423 -4867 7380 -665 3212 4425
115 -4485 6975 -789 3227 2923
-2110 -5030 6954 -1371 4267 4702
-3572 -5100 6370 -346 1387 2907
-4181 -4967 5697 517 -964 -66

-4623 -5487 6240 1075 -1697 -93
-4557 -5710 7345 785 -1720 -596
-4044 -5814 8345 3467 -8863 -3867
-744 -5070 8238 2818 -10596 -3446
2425 -4126 7803 2368 -9314 -4031
5770 -3096 5421 1496 -10257 -5040
7721 -1831 2100 1996 -10531 -5532
8593 -424 129 246 -8060 -4699
8578 483 -2646 -1017 -6274 -3574
7910 260 -3366 -335 -4680 -981
7597 544 -4344 530 -1227 -1221
7219 357 -3085 -137 -347 -98
7529 314 -3445 45 728 1078
7831 -336 -4266 -534 6029 3599
7695 -38 1047 -3566 11138 6876
7203 -1795 5252 -2664 6346 4654
4348 -4010 7082 -1904 6312 5196
3088 -3638 7508 -419 5494 4368
-43 -4696 7842 -2254 6109 5067
-2235 -5352 6422 -411 1104 2397

897 -1723 8960 1810 -10657 315
7065 -1095 6842 -5985 -11214 -2086
9656 -607 466 -1941 -12919 -4711
8712 -125 -2767 -768 -7524 -2729
6916 122 -4305 -785 -7078 -2887
6509 319 -5516 1391 -3884 -2119
5713 -21 -5036 693 -1361 -1061
6191 535 -4910 948 -39 -875
6221 838 -4347 483 -99 308
6745 614 -4774 602 1401 154
8177 184 -4914 341 9401 121
8118 1353 -1334 -2741 11582 691
7812 -273 638 -339 11655 4498
5448 -1280 5089 -1560 10646 5070
2776 -2096 7860 -43 3541 2820
1041 -2532 9120 -118 2520 3059
846 -2629 8504 -1727 3577 1629
-1118 -3353 8755 -527 1821 1020
-1611 -3406 9186 820 -655 203
-895 -3056 9288 762 -1189 -219

-3051 -3417 8491 3821 -9557 -2685
592 -2369 8128 2431 -14080 -3337
4143 -2071 5932 2135 -13853 -3043
7532 -1350 2453 -872 -13619 -4205
6695 -376 -1036 -455 -14059 -7708
7092 2287 -6434 -1071 -8487 -3071
5972 1607 -5939 1933 -3702 -789
5043 1049 -5165 1241 -2550 -1042
5196 1982 -5821 778 -1216 -269
5537 1585 -6041 -18 149 -144
7062 1718 -6232 -830 3169 832
7559 1881 -4155 -1131 6334 1582
9738 2163 -4201 -1783 5877 2228
9049 1238 -193 -1656 8081 5755
6326 -494 4233 -3229 8072 5001
4345 -1674 7380 -3213 3098 3562
2095 -3387 9040 -1516 5098 4474
-79 -4126 9169 -813 2901 3202
1001 -3865 7041 -434 33 1002
2197 -3193 5793 -645 820 525

-5954 -5525 8816 2488 -6701 -2927
-205 -3064 7419 4474 -14696 -6546
5164 -1859 5493 2054 -12106 -5139
6722 -1687 3892 824 -13121 -4694
7320 -906 -219 565 -13733 -5187
7348 823 -4486 -1017 -9718 -5298
6500 1066 -5618 1127 -4567 -1728
5647 769 -5691 210 -3613 -1034
5308 736 -6086 1007 -2461 -4
6006 551 -6870 734 735 -263
6155 613 -5330 1088 2072 667
7450 946 -5577 -809 5994 2557
8371 1075 -4796 -2389 9868 3523
8115 -65 -111 -827 10412 5763
7012 -1703 3817 -354 8087 5577
4594 -2979 5576 -2027 6782 5137
3309 -3540 6487 -2342 6133 4382
899 -4409 7649 -394 5800 3533
-572 -4574 7557 -180 4271 3352
-2936 -5191 7140 5 770 1343

-6667 -3802 4610 837 913 1669
-8703 -4654 6438 2120 -7998 -2880
-1201 -2639 5138 5507 -14950 -6676
1598 -3037 7545 3158 -14528 -5432
5532 -1483 4760 2440 -15220 -5485
7686 -216 1286 1589 -12819 -5360
8837 631 -2294 1017 -6045 -1802
7687 408 -1785 776 -3561 -965
7263 829 -2951 -1112 -4406 -797
6655 545 -3608 -376 -3064 -1322
7369 857 -5673 -334 178 -950
7789 1283 -3781 807 1791 921
6776 -190 -2229 815 9513 3849
9547 1037 -1195 -1773 9435 3801
9063 356 1839 -1595 7914 1833
7556 -261 4506 -3545 9259 4198
3416 -1877 7131 -5654 9316 6877
-1127 -3631 7625 -4784 7660 5977
-4736 -4540 7499 409 1890 3039
-5315 -4482 7853 1088 -1159 813

-8490 -3828 3028 2064 -5293 -1328
-4202 -2575 3798 3660 -13145 -4796
-1232 -2623 7209 3692 -10412 -4498
1037 -2858 7854 4191 -14146 -4401
5621 -1757 5670 3046 -13251 -4044
8216 -264 3445 3095 -8712 -3571
7914 -191 2052 1251 -6066 -2337
8593 953 158 635 -5333 -1879
9016 822 -1334 -2013 -2785 -1421
8533 952 184 1014 259 11
9258 793 -521 943 2316 309
11348 1142 -1586 262 7080 987
8838 674 1915 -2219 7146 2002
9129 518 3285 -2764 6958 2293
7629 -341 4720 -3299 10326 4759
3758 -1934 6465 -3750 9690 4704
1611 -2455 6400 -3055 8494 3573
-1253 -3038 5531 -4486 11765 3556
-7442 -4305 6065 -5432 8656 5186
-6904 -3820 3861 -820 1976 1458

237 -2013 9622 148 -2391 -22
937 -2322 8585 -910 -13197 -326
5246 -2491 5747 -1634 -12493 -2023
6614 -2317 3424 -353 -13060 -1331
7412 -1367 -675 -2583 -7792 -452
7416 -1242 -4782 -3769 -8553 -80
7345 -1117 -5752 -2031 -4841 1567
5552 -1496 -6358 -1219 -3397 847
3937 -1879 -6861 1121 -688 -753
4648 -1287 -5265 1404 -160 -953
5264 -1150 -5387 1094 -78 -495
6575 -1320 -4470 2093 3902 835
7575 -1105 -3261 1113 5415 -577
7426 -1635 466 1750 4961 1954
7299 -1286 3724 728 5940 330
6274 -1219 5702 1039 6995 -357
4730 -1990 7064 373 6177 1478
3559 -2354 7350 1420 5316 1770
850 -2418 9128 1898 6052 1255
-33 -2423 9118 958 1013 810

1909 -2608 6171 6855 -16067 -4223
6403 -631 5692 5325 -15056 55
6870 -1243 1773 3937 -15783 826
7511 -595 -2649 -2502 -9370 27
7469 -1126 -3738 74 -1378 597
7087 -752 -2639 -96 -913 -129
7699 -417 -3557 142 -1018 -105
7789 -517 -3824 258 -358 -71
7675 -641 -3393 379 -25 -53
8295 -352 -3217 -81 592 -98
8737 -418 -3454 -465 2377 -119
9855 -111 -2017 -2789 8603 2495
6724 -881 4109 -2539 7452 1333
7155 -1408 4399 -4478 10854 2775
487 -2749 6956 -1993 12458 3908
-4185 -2846 9875 -1020 6129 2275
-4420 -3772 7941 -265 1321 930
-3424 -3394 7716 5 -2436 -325
-2791 -3272 7636 361 -1489 -78
-2899 -3304 7679 707 -1116 236