-3706 3671 11205 841 -2167 73
-1983 2589 8623 69 -1313 -331
-2226 2572 7999 975 -297 203
-2632 2926 8583 896 -65 182
-2680 2894 8859 929 -582 460
-3428 3390 10110 910 -669 945
-4761 4121 11625 -1231 -5861 -988
-1456 3387 6734 -12753 -10295 -1195
1811 1124 5782 -6257 -6749 659
3017 -721 6367 -4119 -1223 596
1883 -951 7758 -1989 1308 265
1135 -1049 8121 1328 352 -562
662 -898 8795 -1023 -729 -677
1008 -360 9012 1830 -1261 -815
1333 -809 8167 360 -823 -62
1676 -396 7654 1811 -231 342
1053 264 7887 3358 652 973
213 121 7521 2258 -127 533
1221 -809 5530 2445 469 -1865
16643 -3232 -6344 11988 14905 -386

-1885 -1139 9266 -963 -2013 -4491
-2394 -2299 12467 20 -4911 -4868
3642 -461 8626 3192 -8877 -2412
1105 -1615 9076 770 -3043 445
714 -1598 7756 -2379 -558 -250
28 -2441 7911 -2753 112 -1246
753 -2661 7952 -466 -1772 -685
1402 -2591 7712 -840 -1435 -894
1576 -2673 7311 -92 -828 -448
1100 -2549 7508 1066 -871 -150
1209 -1888 7341 2082 -339 162
745 -1190 8243 3926 -183 615
249 -1286 7088 4913 174 1052
-1335 -1001 9759 7330 4121 -2986
-4180 473 15169 8469 758 -1614
-2924 -665 10458 119 -723 -840
-1950 -498 8430 745 115 239
-3467 -80 8730 721 2268 980
-3655 -37 9476 102 254 -828
-4638 35 9060 -385 279 -685

1057 -1655 4761 4823 -52 447
430 -1262 6269 9629 -2144 344
-1856 1118 15434 2638 5863 -4899
485 279 12468 1377 -231 -177
109 820 8658 -374 -1046 -146
-427 679 8935 240 -816 112
-660 639 9504 441 -335 -222
-952 437 12614 2139 -969 1187
2852 1128 8530 -6999 -10676 -11
1014 261 8001 -2202 -3528 1838
612 -428 6782 -2474 -880 -172
501 -1187 7529 -2371 -1021 -306
1034 -1325 8122 -229 -1117 -1589
1336 -1310 8824 -607 -1191 -705
1210 -1713 8801 -536 -619 -498
490 -1959 9134 -344 -789 -268
622 -2159 8134 -75 -734 -139
751 -1927 7179 1632 -851 359
1663 -768 6497 2995 709 564
557 -395 5401 4571 -583 961

-3807 -841 7983 558 -505 63
-4360 -819 8584 1214 -287 -183
-11466 -817 19214 -622 -6974 -3493
-1843 -492 10364 -9568 -4301 -3363
811 -3881 4671 -2033 -2665 1243
-1908 -3594 7452 -1540 827 -1018
-637 -3280 6818 1782 -1671 -1624
-510 -3059 7581 1040 -849 -2957
388 -3004 7339 739 -2404 -2210
1042 -2347 6611 1139 -426 -1365
703 -2170 7425 2441 114 -612
-307 -1832 8469 3324 -913 1106
1555 -2088 6319 213 -1996 -1228
2308 -2022 5195 3765 636 -1543
-2172 -6406 12330 -2161 7652 5494
-3481 -1762 11139 1976 646 779
-4125 -764 9100 1726 1775 538
-4405 482 9680 1177 -943 633
-3585 -247 8256 -657 -2051 -259
-3077 -210 8033 19 -1253 280

-7285 44 8774 -342 -8823 -484
-2568 482 9381 -3989 -7281 -1306
-3044 -267 9113 -3907 -103 -1565
-2470 -1608 8567 -2535 -358 -1433
-2200 -2681 7544 -2986 -1802 -1416
-2006 -3480 6767 331 -2115 -1567
-671 -2782 7919 934 -1170 -643
-894 -2696 7874 -303 16 -583
-1418 -3209 7105 1099 -668 755
-1108 -2800 7872 2323 -1201 -386
-126 -1569 7610 1941 -1042 534
-1153 -1109 7204 4043 -1410 1299
-1316 -1508 7463 4901 -694 157
10746 8243 -10651 12042 27291 -7149
-5147 -640 12922 1937 -208 202
-3871 -267 9851 135 -342 -29
-3871 -46 8524 392 -627 392
-3889 -34 9103 554 -828 -18
-3924 34 9105 -93 -1020 -83
-3322 23 7855 -201 -1130 288

-4675 3213 7790 365 1280 -1171
-6465 3378 7556 2030 135 1060
-9805 5648 11694 -6142 -4695 -3239
-3644 4693 2450 -17793 -22769 -5928
543 -1084 4407 -4521 -5699 -1201
245 -1371 6534 -834 -1032 -27
-1053 -2222 7475 -2499 -81 -227
-930 -1858 7908 1802 -1563 -718
-556 -1344 8379 296 -1278 -1016
-376 -1706 8653 28 -1432 -1135
193 -1340 7956 1019 -1013 -226
39 -1144 7348 800 -450 996
-658 -1225 7378 1895 363 1342
-958 -378 7853 3665 -549 1725
55 -380 5640 4497 482 868
-1611 1002 8445 4794 1101 197
-5388 1800 11529 7445 1642 -2003
-3948 2047 9000 -66 86 -2038
-5090 1433 8661 357 681 -389
-5652 2018 8658 -336 325 -997

-5916 804 6078 670 -1004 -5
-6182 570 6521 677 -759 163
-7854 317 7507 227 -1083 513
-7009 526 7598 -1835 -3205 -2166
-6004 -375 8671 -2876 -8256 -3993
-4116 -960 9397 -322 4744 -501
-2160 -1756 7991 -324 -1231 -1294
-2579 -2131 7169 -2108 -814 -1352
-2435 -2797 7327 -1695 -557 -902
-2342 -3130 7225 522 -1759 -824
-2082 -3035 7636 -658 -1250 -1466
-1941 -3108 6901 -559 -1010 -441
-1515 -3542 5923 1204 -812 272
-736 -2616 5179 2874 -223 1355
-1442 -1784 5381 7363 903 3757
-3322 505 7469 8877 2161 4357
-10547 2574 10764 4251 6618 5606
-9167 696 7270 -120 2495 -1234
-7641 -81 4928 -768 1190 -2147
-7618 -7 4302 64 -1572 -607

-9539 -1434 7910 -382 -2411 -2514
-6261 -1383 8619 -1411 -6282 -4660
-2285 -1640 6994 -1454 -11792 -2075
-2433 -2446 7570 -2187 -4846 -1627
-1840 -2632 7256 -1934 -698 -1974
-1544 -3235 6676 -1825 -1658 -1608
-1132 -3662 6884 -1042 -2132 -1411
-634 -3663 7146 227 -984 -1206
-1035 -3490 7313 -282 -842 -57
-1219 -3786 6282 588 -754 263
-1346 -3152 5794 2106 296 1362
-1685 -2939 6580 3833 1347 1543
-1771 -2243 7294 5678 966 2370
-28666 -10182 25424 -7369 15027 13589
-8606 -626 9376 3807 648 5633
-7446 145 6872 1378 455 1024
-7008 559 6460 761 -1400 -376
-6011 646 6398 465 -948 -11
-6523 597 6137 204 -217 472
-6151 1159 6148 -1094 3650 1745

-7237 -14 7877 179 -1270 -538
-8945 -409 9452 -3293 -3662 -1967
-5199 -356 8617 -3696 -8549 -2789
-3709 -1365 8122 -4596 -5740 -1475
-2661 -1857 7456 -2484 -2050 -1470
-1938 -2090 7190 -2804 -1187 -1792
-1596 -2880 6996 -1495 -1322 -1734
-1271 -3032 7339 -88 -1060 -685
-1044 -3075 6945 -1079 -963 -133
-1644 -3751 6301 1783 -548 455
-1665 -2752 6508 2710 -463 337
-2222 -1996 6993 2745 -1387 411
-1942 -1610 7834 3371 -1953 -315
-1629 -1494 9137 5878 1058 1051
-7398 -985 11947 5361 2924 1530
-6141 -1198 9749 -489 1253 312
-5589 -1299 7557 445 -21 114
-4812 -480 7520 656 -587 362
-5098 -441 7332 531 -1452 372
-5191 -421 7620 493 -930 220

-3965 -801 9896 -2063 -6655 -2075
-1081 -903 10913 50 3313 2103
-353 -1708 8442 -2068 -2590 1636
-978 -2893 7229 -3862 -870 -306
-890 -3571 6919 -2899 -377 -1092
-351 -3654 7221 570 -2061 -1792
584 -3219 6283 -334 -1537 -1253
767 -3528 5903 678 -906 -166
558 -3421 5493 2649 355 -410
-1011 -2343 7013 5121 1119 -22
-823 -641 7521 7520 359 -610
-902 -2888 12711 -225 10925 1650
-5166 -1524 9834 1574 2420 2235
-5997 -1255 6544 3129 4917 1911
-6157 25 6038 448 -225 258
-6941 446 5848 799 -562 1242
-7077 649 5660 1149 -1399 1046
-7474 676 6441 521 -698 165
-7758 663 7445 -647 -1666 -611
-6568 541 7872 -2216 -3223 -2309