8558 1182 1290 566 286 540
8408 1127 1212 -39 -1045 26
8813 1523 1044 56 191 -476
10894 3376 762 -5074 2635 -6105
5996 1867 1870 -9103 9011 -3993
3998 590 3863 -8083 11287 -3521
937 243 6325 -1124 8553 -3241
-2222 241 8602 -888 11301 -2403
-6329 -969 5253 -1769 9148 482
-9164 -858 4143 -19 3762 -2189
-14019 -1540 4757 -15 3078 -561
-8580 598 3696 4090 -4983 1136
-8385 235 5063 4413 -9633 348
-4756 119 6902 5030 -14529 3710
-177 752 7596 3756 -10193 4333
3824 760 6533 2761 -9357 3339
5204 1463 4872 4513 -9131 1935
7599 2381 3307 5364 -6128 4611
7607 1818 1234 5268 -7090 2379
9165 2690 -626 -38 -1446 5354

10710 4399 -2170 3292 -2504 663
7664 2978 -1908 -263 391 -453
8637 3911 -2328 -5371 4467 -1245
7659 1040 1345 -8525 8242 -3275
4384 25 5940 -5806 10435 -5094
1761 95 7810 -2675 8951 -1776
399 135 8013 -1639 8199 -1472
-4366 -328 6685 17 8180 -1515
-7952 -984 5960 1170 5555 -1442
-8082 771 4394 1582 2261 -1089
-8834 -272 4032 -705 1077 -943
-6700 1213 6032 -114 -1231 -245
-8859 -271 5430 2617 -5944 1151
-7221 146 5354 3137 -9422 2483
-2843 1214 7159 2075 -11791 2009
602 838 6940 1970 -12095 87
3970 1471 5800 2087 -12260 -1243
5441 1020 5508 4029 -9984 397
7750 1540 3176 5825 -7244 1347
8842 1629 1452 7070 -5318 3222

7454 1008 2653 -3194 3623 -2812
5106 1390 3056 -8249 6822 -4321
3359 -692 7023 -3623 6895 -4075
1603 -775 7579 -701 9336 -3536
-2781 -57 6987 -15 8379 -3732
-5965 -286 7797 -492 7435 -1003
-7199 -2087 6731 -3350 7112 -248
-7783 -1573 4847 -2366 5790 1374
-9515 -2006 4744 -810 166 928
-9108 -1949 4247 3363 -4578 982
-8610 -1648 4705 204 -6895 -1429
-5799 -1640 6052 3463 -10276 -302
-2593 -1061 7544 4516 -9454 2180
815 -475 7789 3461 -9495 1485
3752 -118 6919 6544 -10349 3770
8198 483 5110 6764 -10224 4927
8317 565 2764 4970 -5674 2735
10003 963 2040 3984 -2893 299
9571 1224 659 -17 -1620 653
8592 1011 1889 1010 154 411

7288 3969 3313 108 9 -127
10092 5317 3861 -3936 2522 -2536
8621 3689 3339 -8479 5678 -7567
3507 1693 6493 -7500 8318 -6580
97 410 6718 -5829 8205 -6474
-3073 -467 6713 -2494 8995 -5174
-7433 -2124 5468 -2100 8032 -3745
-8632 -2366 3288 -468 5704 -1152
-9240 -1054 2184 300 -569 -389
-9897 -2316 3375 327 -1063 310
-9699 -2017 3103 2987 -6180 1699
-7272 -1258 4712 2021 -8062 1998
-5947 -932 5334 5398 -12205 2995
1113 915 7568 5370 -12713 5457
4080 1782 7329 7035 -9026 5389
4436 1857 5786 10021 -8919 5350
7814 3984 4310 8006 -5211 4102
8673 3334 3851 6079 -2789 2696
8525 4357 2297 2999 -2770 2382
8100 2294 2827 250 -650 514

7431 1198 2901 151 1138 2295
10051 2556 3112 -435 347 -2315
10681 2446 2904 -6265 6805 -3974
7263 -471 5804 -6165 10385 -4772
1973 370 6663 -1894 11189 -4624
-408 -995 6817 -1327 10148 -4234
-5958 -1436 4373 -1222 10977 -3579
-10498 -1131 3679 1149 7202 -2533
-9836 -201 1218 -247 2666 -239
-9506 -703 2300 -210 -2088 -2041
-9819 -592 2488 59 -5517 51
-8107 -1322 2683 4519 -13920 2392
-2389 847 6819 3212 -14230 2265
-532 583 7442 512 -10248 2581
3514 599 7810 5756 -9158 3212
4447 997 5881 5898 -6832 4781
7355 1828 4122 7099 -6727 4653
7941 1540 3095 4905 -3101 4369
7687 2056 2247 2173 -3139 -365
6096 680 3284 321 2570 4530

7996 790 4141 -12 -534 -51
12150 2571 4794 -2636 3307 -226
7977 513 5799 -4367 5248 -3118
6023 570 6426 -2457 8923 -1251
2822 -533 7169 -2711 10722 -2587
-768 -1111 7391 1282 8201 -4044
-3253 -2232 7805 -618 8731 -3544
-7309 -2006 4521 2819 7948 -1458
-9607 -1532 479 901 6174 -1558
-13186 -2241 3345 -2205 3917 -354
-8457 -1060 929 -243 -4844 121
-8791 -716 1148 643 -9275 1924
-7378 -897 4102 -196 -11436 2158
-3557 -701 6447 1092 -12521 869
883 -302 8326 3234 -9069 2231
2101 218 8609 6662 -7397 1545
5463 1551 7671 4524 -7703 1932
7193 2358 6384 4922 -5909 1849
6739 2058 4702 5638 -6203 241
8609 2584 3500 2670 -4617 3924

8101 1802 2307 47 -1636 -1395
11304 3605 2110 -2130 1744 -2003
10181 2594 3254 -7403 6382 -5855
5505 954 4216 -7119 7023 -8709
506 -1968 5929 -8388 10449 -6886
-2919 -989 7738 -890 12720 -5003
-6157 -1795 5335 -2672 9863 -4378
-8314 -2916 2884 -588 6470 -3747
-9742 -4155 1149 -447 5677 311
-10433 -3018 1708 -1331 969 752
-9479 -2489 1268 2627 -5109 2255
-8139 -2108 3170 2250 -7926 2595
-7261 -2077 4699 2661 -10825 3182
-6 -1340 7287 5527 -11513 1395
1612 211 7611 12105 -11379 1998
2720 2331 8417 10072 -9063 4000
7149 3491 4837 9240 -6038 4929
7760 3766 2356 6198 -3420 4791
8307 3658 2044 6498 -2581 4943
4468 3537 938 2899 -1617 -1227

7508 3999 1793 42 -1070 300
7442 4850 1349 -167 -1052 192
9811 6594 731 -6584 2546 -4266
9744 5596 1499 -15316 8931 -6405
2284 665 4057 -12113 12454 -7957
-534 -504 2995 -9276 13069 -5002
-8378 -6177 4673 -11225 9279 -4722
-11295 -8381 3081 -2857 3679 -1769
-8470 -5940 3296 935 -3152 -1719
-6427 -4267 3991 3346 -3158 -411
-6435 -5263 3654 3044 -5379 886
-4631 -5345 5320 6403 -9000 487
-2234 -2719 6223 11312 -11916 756
1308 481 6612 15463 -10380 -1474
3438 2592 6439 15375 -5689 4001
7681 6981 2904 16783 -9265 1544
5559 6119 1407 7612 -7208 9546
8227 4048 1031 2311 -1820 4493
5675 2354 2692 261 -2550 -1071
6530 2871 2934 627 -849 -601

7538 2940 3614 339 -1237 -442
10888 4439 3784 -5786 6064 347
6547 776 4068 -8465 11396 -4725
1876 97 4322 -6332 12805 -6928
-2802 -2736 3965 -5725 14030 -8296
-7482 -4458 2357 -4180 10813 -4843
-8105 -5725 3106 -2809 3969 -5586
-8746 -5540 251 676 1529 -479
-7765 -4198 1212 904 -753 744
-7111 -4174 1580 678 -1343 252
-11126 -7106 299 5992 -6064 2433
-5270 -3401 3205 13264 -16608 9127
-342 2003 4817 10323 -10436 6414
935 1842 5330 6982 -11060 5663
5663 2139 5652 8882 -9075 10770
10806 6650 3012 8205 -8167 4289
9729 4796 2060 2299 -2546 2134
10785 2745 1837 1089 -2239 -2695
8116 2357 3039 479 -1577 752
7780 2097 3374 -593 141 1445

6454 4528 4224 -7898 5186 -891
3179 1811 5725 -8277 9609 3376
437 142 7112 -3408 11175 -704
-1856 1774 7600 -108 10835 -4428
-6486 33 3919 2080 11157 -5190
-9808 123 930 3344 5123 -8250
-9595 -1226 -1210 939 4000 -3241
-9943 -1629 -1458 997 -712 -601
-8920 -1116 281 -6 -2036 939
-10511 -1795 -208 -105 -5484 1591
-9764 -1465 1102 939 -11192 3387
-6085 -929 3690 322 -13166 2383
-876 -482 5895 248 -14309 338
1672 -884 7418 452 -9100 4980
6513 1631 8370 7873 -9572 1189
3694 -171 6023 8198 -9266 -13259
8636 4517 4648 6835 -4972 -3769
7275 5847 2219 4698 -3073 -1639
6867 4614 3050 1092 -1174 -2384
6607 5035 3230 392 -1002 -208