0.681128 6.376183 -8.396365 -0.327217 -1.139940 -7.173922 -6.591339
0.419452 7.026100 -9.527341 -0.443586 -0.855969 -7.898289 -7.100403
0.755610 3.419106 -6.905791 -0.259385 0.696954 -8.209691 -5.596514
-2.108084 8.819457 -10.530157 1.063766 -1.725518 -8.363630 -7.446836
-1.363634 7.792503 -9.312906 0.739685 -1.821418 -7.969765 -7.120942
-0.633842 7.146449 -9.402189 0.712142 -0.157205 -8.618001 -6.545767
-0.963790 7.543242 -10.125960 0.773533 0.077860 -9.403561 -6.957479
-2.924074 7.803805 -11.404755 2.131790 0.502062 -11.212211 -6.623598
-1.858164 8.876623 -11.063342 1.115993 -0.731524 -9.309828 -7.455729
-5.544239 9.382458 -12.881029 2.438530 0.852961 -11.702054 -6.457649
-3.487667 -9.825913 8.216695 0.746216 -12.653920 -0.445902 -6.193944
-2.238585 -7.241575 5.447033 0.546824 -10.511353 0.680531 -5.060964
1.130137 -5.563993 4.441462 -0.967963 -8.121119 -1.463755 -5.852531
-6.946080 -13.707867 10.372251 1.551099 -14.853146 -0.579619 -5.861089
-1.378337 -7.793210 6.470274 -0.508424 -10.146596 -0.404845 -5.522562
-2.588041 -8.755338 6.334559 -0.528293 -7.517525 -0.654997 -3.777902
-9.778774 -16.039364 11.698014 2.429287 -16.079727 -0.970872 -5.670555
-4.713306 -10.568081 7.919567 1.173140 -13.389997 -0.092185 -5.760918
-1.954178 -8.386000 7.407246 -0.199610 -10.490708 -1.256216 -5.952973
-3.924753 -9.970743 7.889720 0.503266 -11.658759 -0.030373 -5.279828
-12.057791 -2.697891 -1.626120 7.331626 -6.856549 -7.713596 -2.602274
-10.568083 -3.446551 -0.416939 6.369828 -6.707465 -6.767968 -2.639599
-9.389464 -2.085006 -1.669738 5.907243 -6.864644 -5.781919 -2.865854
-11.903600 -3.491713 -1.467302 7.820586 -8.074489 -7.182761 -3.101009
-10.786515 -2.506267 -1.486325 5.691988 -6.518788 -4.879045 -1.501773
-10.930945 -3.431070 -1.765790 7.616562 -7.151701 -6.696515 -3.250968
-15.194035 -4.110242 -2.199630 9.182546 -7.189639 -9.735179 -2.178036
-12.888352 -1.556036 -1.255258 6.848483 -10.596462 -6.349250 -4.555214
-10.478784 -0.217233 -3.029203 5.460328 -5.588056 -6.897182 -3.015582
-9.289690 -2.221631 -0.412587 5.276224 -7.611941 -6.020269 -3.802732
6.380963 -0.851586 -1.367830 -3.119636 -3.653068 -4.146872 -7.296559
6.409257 -0.739699 -1.505907 -3.119911 -3.659623 -4.142311 -7.311901
6.409257 -0.739699 -1.505907 -3.119911 -3.659623 -4.142311 -7.311901
6.409257 -0.739699 -1.505907 -3.119911 -3.659623 -4.142311 -7.311901
6.409257 -0.739699 -1.505907 -3.119911 -3.659623 -4.142311 -7.311901
6.409257 -0.739699 -1.505907 -3.119911 -3.659623 -4.142311 -7.311901
6.409257 -0.739699 -1.505907 -3.119911 -3.659623 -4.142311 -7.311901
6.022058 -1.232706 -0.797498 -3.014026 -4.034868 -3.955296 -7.223749
6.409257 -0.739699 -1.505907 -3.119911 -3.659623 -4.142311 -7.311901
6.315519 -0.776207 -1.406010 -3.073170 -3.578211 -4.054782 -7.166642
6.484983 -0.799256 -1.474261 -3.170580 -3.718664 -4.205558 -7.424754
6.409257 -0.739699 -1.505907 -3.119911 -3.659623 -4.142311 -7.311901
6.409257 -0.739699 -1.505907 -3.119911 -3.659623 -4.142311 -7.311901
6.409257 -0.739699 -1.505907 -3.119911 -3.659623 -4.142311 -7.311901
6.409257 -0.739699 -1.505907 -3.119911 -3.659623 -4.142311 -7.311901
6.409257 -0.739699 -1.505907 -3.119911 -3.659623 -4.142311 -7.311901
6.409257 -0.739699 -1.505907 -3.119911 -3.659623 -4.142311 -7.311901
6.481783 -0.968949 -1.298439 -3.145931 -3.801542 -4.076669 -7.322177
5.960525 -1.196833 -0.722391 -2.908596 -4.112613 -3.965466 -7.208489
6.409257 -0.739699 -1.505907 -3.119911 -3.659623 -4.142311 -7.311901
6.409257 -0.739699 -1.505907 -3.119911 -3.659623 -4.142311 -7.311901
6.409257 -0.739699 -1.505907 -3.119911 -3.659623 -4.142311 -7.311901
6.409257 -0.739699 -1.505907 -3.119911 -3.659623 -4.142311 -7.311901
6.409257 -0.739699 -1.505907 -3.119911 -3.659623 -4.142311 -7.311901
6.409257 -0.739699 -1.505907 -3.119911 -3.659623 -4.142311 -7.311901
6.409257 -0.739699 -1.505907 -3.119911 -3.659623 -4.142311 -7.311901
6.409257 -0.739699 -1.505907 -3.119911 -3.659623 -4.142311 -7.311901
6.515496 -0.835120 -1.455649 -3.189821 -3.748306 -4.237445 -7.474887
6.409257 -0.739699 -1.505907 -3.119911 -3.659623 -4.142311 -7.311901
6.409257 -0.739699 -1.505907 -3.119911 -3.659623 -4.142311 -7.311901
6.409257 -0.739699 -1.505907 -3.119911 -3.659623 -4.142311 -7.311901
6.409257 -0.739699 -1.505907 -3.119911 -3.659623 -4.142311 -7.311901
6.409257 -0.739699 -1.505907 -3.119911 -3.659623 -4.142311 -7.311901
6.409257 -0.739699 -1.505907 -3.119911 -3.659623 -4.142311 -7.311901
6.407348 -0.859263 -1.375200 -3.133696 -3.677918 -4.173141 -7.340405
6.409257 -0.739699 -1.505907 -3.119911 -3.659623 -4.142311 -7.311901
6.409257 -0.739699 -1.505907 -3.119911 -3.659623 -4.142311 -7.311901
6.170491 -0.862971 -1.292901 -3.041038 -3.632717 -3.856319 -6.999713
6.752521 -1.251065 -1.182113 -3.474546 -3.824950 -4.050004 -7.428274
6.481652 -0.808960 -1.467754 -3.172343 -3.736673 -4.143343 -7.329738
6.540173 -0.902205 -1.416446 -3.273641 -3.563932 -4.070006 -7.192615
6.409257 -0.739699 -1.505907 -3.119911 -3.659623 -4.142311 -7.311901
6.409257 -0.739699 -1.505907 -3.119911 -3.659623 -4.142311 -7.311901
6.409257 -0.739699 -1.505907 -3.119911 -3.659623 -4.142311 -7.311901
5.466274 -1.261251 -0.518903 -2.787195 -3.870171 -3.360658 -6.532327
6.409257 -0.739699 -1.505907 -3.119911 -3.659623 -4.142311 -7.311901
6.409257 -0.739699 -1.505907 -3.119911 -3.659623 -4.142311 -7.311901
6.409257 -0.739699 -1.505907 -3.119911 -3.659623 -4.142311 -7.311901
6.409257 -0.739699 -1.505907 -3.119911 -3.659623 -4.142311 -7.311901
6.409257 -0.739699 -1.505907 -3.119911 -3.659623 -4.142311 -7.311901
6.409257 -0.739699 -1.505907 -3.119911 -3.659623 -4.142311 -7.311901
6.500580 -0.812810 -1.466780 -3.178234 -3.725905 -4.213676 -7.439127
6.409257 -0.739699 -1.505907 -3.119911 -3.659623 -4.142311 -7.311901
6.409257 -0.739699 -1.505907 -3.119911 -3.659623 -4.142311 -7.311901
6.409257 -0.739699 -1.505907 -3.119911 -3.659623 -4.142311 -7.311901
6.409257 -0.739699 -1.505907 -3.119911 -3.659623 -4.142311 -7.311901
6.409257 -0.739699 -1.505907 -3.119911 -3.659623 -4.142311 -7.311901
6.409257 -0.739699 -1.505907 -3.119911 -3.659623 -4.142311 -7.311901
6.409257 -0.739699 -1.505907 -3.119911 -3.659623 -4.142311 -7.311901
6.409257 -0.739699 -1.505907 -3.119911 -3.659623 -4.142311 -7.311901
6.409257 -0.739699 -1.505907 -3.119911 -3.659623 -4.142311 -7.311901
6.409257 -0.739699 -1.505907 -3.119911 -3.659623 -4.142311 -7.311901
6.409257 -0.739699 -1.505907 -3.119911 -3.659623 -4.142311 -7.311901
6.409257 -0.739699 -1.505907 -3.119911 -3.659623 -4.142311 -7.311901
6.409257 -0.739699 -1.505907 -3.119911 -3.659623 -4.142311 -7.311901
6.409257 -0.739699 -1.505907 -3.119911 -3.659623 -4.142311 -7.311901
6.409257 -0.739699 -1.505907 -3.119911 -3.659623 -4.142311 -7.311901
6.409257 -0.739699 -1.505907 -3.119911 -3.659623 -4.142311 -7.311901
6.409257 -0.739699 -1.505907 -3.119911 -3.659623 -4.142311 -7.311901
6.409257 -0.739699 -1.505907 -3.119911 -3.659623 -4.142311 -7.311901
6.409257 -0.739699 -1.505907 -3.119911 -3.659623 -4.142311 -7.311901
6.409257 -0.739699 -1.505907 -3.119911 -3.659623 -4.142311 -7.311901
6.409257 -0.739699 -1.505907 -3.119911 -3.659623 -4.142311 -7.311901
6.409257 -0.739699 -1.505907 -3.119911 -3.659623 -4.142311 -7.311901
6.409257 -0.739699 -1.505907 -3.119911 -3.659623 -4.142311 -7.311901
6.409257 -0.739699 -1.505907 -3.119911 -3.659623 -4.142311 -7.311901
6.409257 -0.739699 -1.505907 -3.119911 -3.659623 -4.142311 -7.311901
6.409257 -0.739699 -1.505907 -3.119911 -3.659623 -4.142311 -7.311901
6.409257 -0.739699 -1.505907 -3.119911 -3.659623 -4.142311 -7.311901
6.409257 -0.739699 -1.505907 -3.119911 -3.659623 -4.142311 -7.311901
6.409257 -0.739699 -1.505907 -3.119911 -3.659623 -4.142311 -7.311901
6.105774 -0.533654 -1.590488 -2.924319 -3.554418 -4.034923 -7.066380
6.409257 -0.739699 -1.505907 -3.119911 -3.659623 -4.142311 -7.311901
6.409257 -0.739699 -1.505907 -3.119911 -3.659623 -4.142311 -7.311901
6.409257 -0.739699 -1.505907 -3.119911 -3.659623 -4.142311 -7.311901
6.409257 -0.739699 -1.505907 -3.119911 -3.659623 -4.142311 -7.311901
6.409257 -0.739699 -1.505907 -3.119911 -3.659623 -4.142311 -7.311901
6.409257 -0.739699 -1.505907 -3.119911 -3.659623 -4.142311 -7.311901
6.409257 -0.739699 -1.505907 -3.119911 -3.659623 -4.142311 -7.311901
6.409257 -0.739699 -1.505907 -3.119911 -3.659623 -4.142311 -7.311901
6.409257 -0.739699 -1.505907 -3.119911 -3.659623 -4.142311 -7.311901
6.409257 -0.739699 -1.505907 -3.119911 -3.659623 -4.142311 -7.311901
6.409257 -0.739699 -1.505907 -3.119911 -3.659623 -4.142311 -7.311901
6.409257 -0.739699 -1.505907 -3.119911 -3.659623 -4.142311 -7.311901
6.409257 -0.739699 -1.505907 -3.119911 -3.659623 -4.142311 -7.311901
6.409257 -0.739699 -1.505907 -3.119911 -3.659623 -4.142311 -7.311901
6.409257 -0.739699 -1.505907 -3.119911 -3.659623 -4.142311 -7.311901
6.603951 -0.915304 -1.441076 -3.302613 -3.673209 -4.206907 -7.423257
6.329816 -0.837858 -1.348360 -3.060361 -3.621866 -4.047245 -7.165911
6.409257 -0.739699 -1.505907 -3.119911 -3.659623 -4.142311 -7.311901
-1.687132 8.877514 -10.905737 0.951956 -1.209226 -8.806238 -7.456202
-3.861452 9.723820 -12.895642 2.079573 0.103848 -11.437830 -7.409956
-1.331510 8.207327 -9.874472 1.136591 -1.484916 -8.479162 -7.328582
-2.325975 9.574628 -11.969101 1.642739 -0.640294 -10.531908 -7.989897
-2.343088 9.172938 -11.288118 1.765107 -0.912853 -10.129941 -7.749069
-1.291513 7.024006 -8.081691 0.519380 -2.330644 -6.461844 -6.319362
-1.535081 7.311232 -9.046144 0.068720 -1.912160 -6.328865 -6.013724
-2.344095 7.312977 -8.766804 1.126450 -1.465441 -7.263149 -5.964516
-1.017128 6.668320 -7.660196 0.527439 -2.376818 -6.136354 -6.153759
-3.003141 9.382252 -11.290323 1.812562 -0.917684 -9.535071 -7.276386
-0.202405 7.148623 -9.363505 -0.152857 -0.859057 -7.431180 -6.529381
-3.367108 9.403666 -11.273471 1.657625 -1.435835 -9.177942 -7.418226
-1.260472 7.389704 -8.430459 0.982026 -2.085348 -7.226984 -6.692568
2.667097 3.740236 -5.680159 -0.968339 -1.638385 -5.987197 -6.359198
-2.457457 6.633793 -9.344373 1.880031 0.239853 -9.395775 -5.829382
-4.078740 8.356791 -10.884219 2.723064 -0.652037 -10.863643 -7.014529
-2.765349 8.179893 -11.715374 1.857817 0.532431 -11.368001 -7.019714
-1.571578 8.148794 -9.836790 0.634785 -1.876080 -7.598445 -6.992584
-4.787924 10.197906 -12.529620 2.702498 -1.062112 -11.383368 -7.859204
-3.000720 9.851448 -13.062574 1.561115 0.360940 -11.506732 -7.711742
-3.918751 8.834417 -11.621168 1.669063 -0.253013 -9.842500 -6.769677
-1.083898 7.231202 -8.545341 0.485099 -2.123276 -6.834321 -6.565886
-2.723382 7.211874 -8.045128 1.387468 -2.176666 -6.574654 -5.830391
-3.270164 9.868106 -11.545933 1.864547 -1.519391 -9.634740 -7.728035
-2.226918 8.612184 -10.127055 1.203261 -1.851604 -8.173699 -7.208102
-3.306077 9.363607 -10.664762 1.703830 -2.452185 -8.678069 -7.666776
-2.113245 8.758393 -10.338258 1.089932 -1.960233 -8.243846 -7.328347
-2.996141 9.712778 -11.413260 1.481762 -1.854633 -9.047223 -7.777826
0.377798 6.605608 -8.317633 -0.242876 -1.633226 -6.814322 -6.744535
-0.710338 6.649202 -7.621280 0.725984 -2.087807 -6.679840 -6.409135
-3.479974 10.453191 -12.902746 2.218023 -0.540940 -11.301397 -8.079297
-0.395708 7.319177 -9.236335 0.542037 -0.961498 -7.847569 -6.854263
-3.642267 9.294355 -11.320238 2.235295 -0.818297 -10.272998 -7.192188
-2.395863 6.753248 -8.928917 1.999268 -0.334867 -9.245097 -5.998657
-2.300511 9.278795 -11.616540 1.772913 -0.489387 -10.494037 -7.739989
-1.901292 8.384172 -10.336305 1.436933 -0.961132 -9.383834 -7.328113
-2.125658 6.905159 -8.479688 2.008900 -1.301282 -9.063914 -6.675043
-2.385664 8.900155 -11.136789 1.760247 -0.643624 -10.214544 -7.526609
-3.672085 10.734471 -13.050395 1.870814 -0.962369 -10.905061 -8.196775
-4.557406 10.742252 -13.513043 2.102653 -0.249966 -11.250851 -7.777915
-3.299765 10.177241 -12.070029 1.869538 -1.590595 -9.992629 -8.167231
-1.526423 8.356563 -10.170135 0.484229 -1.676647 -7.769034 -7.082021
-4.758889 10.606025 -13.170845 2.431427 -1.044536 -10.818882 -7.777335
-2.376538 6.279482 -10.486444 1.205037 1.914400 -9.750518 -5.147445
-2.941881 9.046150 -10.566558 1.498121 -1.982302 -8.738418 -7.561648
-2.860621 7.662448 -10.650487 1.995176 0.101574 -10.248865 -6.402938
-1.784501 9.048168 -11.492290 1.281349 -0.462557 -10.030628 -7.735369
-3.608970 10.915886 -13.323174 1.785108 -1.132309 -10.632815 -8.456380
-2.501807 8.382904 -11.456088 1.625346 0.136670 -10.252701 -6.902668
-3.449354 9.215193 -10.583014 1.659650 -1.598555 -8.519986 -7.047495
-1.910847 8.830047 -10.579079 1.188163 -1.509911 -8.623438 -7.438266
-4.843741 11.767232 -13.842660 2.148642 -1.815867 -10.787539 -8.659501
-4.711270 9.831250 -12.977831 2.547865 -0.070183 -11.457492 -7.172919
-2.397779 9.308927 -11.566988 1.589195 -0.572843 -9.899781 -7.603323
-3.469212 10.366801 -12.666249 1.671094 -0.827090 -10.276422 -7.798898
-1.465821 6.575396 -10.123040 1.010924 0.664679 -10.171694 -6.545907
-0.747582 6.951987 -9.172189 0.947085 -0.253920 -8.521538 -6.550521
-4.303438 10.501092 -12.181429 1.592196 -2.092655 -9.148144 -7.794327
0.129071 6.453601 -7.746335 0.127430 -1.988703 -6.717739 -6.654348
-4.554393 9.177520 -10.545308 1.749170 -2.506187 -7.602632 -6.717052
-3.097336 8.651031 -10.643235 2.310355 -0.817872 -10.297674 -7.232116
-3.312213 9.993468 -12.452869 1.529848 -1.015479 -9.893438 -7.712090
-4.534494 11.944595 -14.505988 2.040216 -1.518035 -11.174961 -8.971019
-7.236334 13.318449 -16.942863 3.428938 -0.663865 -14.255078 -9.285167
-3.875529 9.472720 -10.750576 1.770103 -2.123072 -8.569110 -7.272540
-3.578743 8.403674 -9.463094 1.760458 -2.020391 -7.567424 -6.446446
-7.547506 11.182562 -15.041455 3.328367 -0.467038 -12.658464 -7.514949
-2.946326 9.340225 -10.930605 1.112079 -2.228670 -8.093476 -7.349968
-5.078182 9.718111 -12.390263 2.710493 -0.414360 -11.074290 -7.083931
-2.403039 7.119762 -10.908443 1.319772 1.475025 -10.783887 -6.225471
-4.543570 9.944585 -12.935735 2.397023 -0.128212 -11.062348 -7.203507
-3.786250 9.393811 -11.213897 1.064155 -1.973910 -7.540616 -6.893505
-5.673023 11.119602 -12.885027 2.323393 -2.015769 -9.552576 -7.848734
-2.594565 8.518469 -11.262043 1.959845 -0.090183 -10.585694 -7.046336
-4.300501 9.528021 -11.100593 2.122326 -2.256911 -9.237973 -7.552378
-5.186607 12.299428 -14.862800 2.630827 -1.100019 -12.292474 -8.951869
-2.970636 9.442914 -10.904581 1.813865 -1.713019 -8.975107 -7.560351
-4.789263 11.384397 -13.655026 2.220501 -1.404852 -10.936859 -8.448557
-3.277224 6.754364 -10.454424 1.720510 0.963466 -9.509362 -5.135793
-4.457297 10.928885 -13.181015 1.703666 -1.793832 -9.875817 -8.011421
-3.497098 8.003594 -9.875175 1.511278 -0.580023 -8.245096 -5.904324
-6.506507 9.639234 -12.917746 3.558923 -0.632649 -12.492728 -7.252375
-6.209697 9.920525 -12.621720 3.183124 -1.261542 -11.717140 -7.601348
-6.047515 10.840687 -12.529104 2.680438 -2.483051 -9.927863 -8.006669
-5.356643 10.301935 -11.815359 2.428236 -2.483110 -9.386119 -7.682494
-3.887250 9.851854 -11.494866 1.545904 -2.084960 -8.674309 -7.422945
-4.141823 8.701972 -9.827835 1.632637 -2.644623 -7.227328 -6.544774
-3.978148 8.064050 -11.729771 1.598707 0.646430 -9.738024 -5.648250
-3.990362 10.522879 -12.329024 1.626074 -2.025811 -9.386304 -7.945509
-1.710787 7.644983 -10.522436 1.416802 -0.123365 -9.627643 -6.853166
-4.444278 -11.044882 9.056005 0.341363 -10.087509 -1.784953 -5.381550
-2.866547 -8.147400 6.697143 0.269630 -7.640949 -2.857549 -5.031849
-6.510944 -13.400925 10.256604 0.951743 -12.605763 -1.530896 -5.377541
-4.550453 -11.462584 8.874718 0.340731 -8.956073 -2.378318 -5.164125
-7.039261 -12.659236 9.515078 1.844758 -13.577865 -1.091798 -5.280787
-2.854023 -8.414796 7.088666 0.216931 -8.638245 -2.209833 -5.249847
-6.426658 -11.931413 9.668244 1.632526 -12.921178 -1.671542 -5.725718
-1.477998 -7.569702 6.659150 -0.195196 -9.697422 -1.309510 -5.657895
-1.639075 -8.006061 6.839732 -0.290232 -10.056690 -0.665181 -5.599710
-8.406942 -15.248467 11.070625 1.656278 -14.890736 -0.839898 -5.417875
-2.637841 -9.393989 8.021777 -0.080676 -10.958248 -1.440396 -6.046273
-5.266907 -10.996657 8.924702 0.971993 -10.751891 -1.914390 -5.287770
-1.746250 -7.868668 6.582901 -0.370517 -9.417482 -0.383224 -4.949738
-4.947703 -9.421574 7.527082 1.106413 -10.521838 -0.834512 -4.657254
-1.629147 -7.989350 7.050836 -0.328009 -9.701465 -1.114426 -5.509918
-2.998041 -8.457826 6.642365 0.105166 -7.894738 -1.647057 -4.354901
-1.746311 -7.094431 6.383431 0.032082 -9.483200 -1.615930 -5.611538
-3.658285 -9.962989 8.270022 0.776785 -12.220016 -0.999817 -6.028793
-6.202101 -11.281149 8.331774 1.611562 -14.131248 1.323553 -5.350336
-6.677499 -12.221535 8.865368 1.139981 -14.241703 1.391400 -5.147663
0.972276 -5.195992 4.132068 -0.739748 -8.269456 -0.636530 -5.536956
-6.046964 -11.668542 8.618918 1.171536 -13.260096 -0.053803 -5.230699
-6.019655 -12.359690 10.008669 0.974312 -12.359324 -1.563707 -5.716227
-0.601558 -7.578805 6.370686 -0.804084 -8.341008 -1.762250 -5.682065
-2.497722 -8.247573 6.927484 -0.001490 -8.315425 -1.962227 -5.117942
-7.929281 -13.767753 10.302485 2.078801 -14.559440 -1.308412 -5.640244
-7.158759 -12.518122 9.495845 1.856411 -12.939344 -1.207243 -5.217151
-6.669939 -11.622477 8.593364 1.680037 -12.024456 -1.054489 -4.640480
-3.393052 -8.236866 6.820220 0.471439 -8.256024 -1.783747 -4.618887
-4.577375 -10.416990 7.131059 0.020690 -6.086642 -2.427330 -3.434985
-8.751675 -13.198080 7.802440 1.818980 -9.510186 -2.886163 -2.901511
-2.258740 -9.035030 7.756314 -0.340289 -10.594549 -1.104946 -5.818229
-5.694438 -11.283839 8.185563 0.985795 -12.376683 0.012795 -4.607903
-1.252459 -7.291483 6.386570 -0.290470 -9.660786 -0.567999 -5.463090
-6.960042 -12.918466 9.326561 1.221581 -12.076003 -0.604660 -4.358028
-1.645485 -8.608503 6.929431 -0.710878 -8.763070 -0.911445 -4.870191
-1.495252 -7.616759 6.598466 -0.247029 -9.724181 -0.913757 -5.481983
-4.260841 -10.163898 8.267696 0.782415 -11.970441 -0.670555 -5.510144
-5.283900 -12.288684 9.651231 0.491616 -12.621053 -0.755505 -5.460594
-6.214042 -11.313202 8.285989 1.199247 -12.493209 -0.130096 -4.535233
-1.108003 -7.150216 6.108861 -0.363924 -8.049258 -2.182306 -5.519461
-2.796818 -9.315576 7.708610 -0.063188 -8.980816 -2.228582 -5.460792
-2.835828 -8.938520 7.641714 0.242171 -9.596995 -1.996870 -5.596763
-2.672478 -7.176426 5.883836 0.771627 -8.929228 -2.997882 -5.766161
-1.639515 -7.317449 5.685579 -0.350752 -6.547518 -2.237877 -4.419129
-1.138051 -8.103366 6.851472 -0.582376 -8.051121 -2.297029 -5.644338
-3.404138 -8.960589 7.607746 0.568639 -10.902840 -1.755827 -5.873374
-3.368190 -9.461872 7.933225 0.306237 -9.779530 -2.084230 -5.659994
-0.727948 -8.053149 6.176494 -1.020793 -6.806577 -2.090700 -4.927170
-3.416200 -9.181757 7.798953 0.429995 -10.634955 -1.584085 -5.714825
-1.051507 -6.035434 4.154649 -0.347522 -4.949149 -3.024248 -4.215409
-4.119767 -10.130000 7.225564 0.015417 -7.711210 -1.906255 -4.038313
-2.687713 -8.351336 6.583980 -0.225177 -7.475525 -2.048741 -4.380951
-1.461970 -7.835915 5.396257 -0.904769 -5.645387 -2.356901 -4.043209
-1.509104 -7.755119 5.953392 -0.613835 -6.294648 -1.965669 -4.229403
-1.468416 -7.343160 5.366953 -0.465649 -6.252044 -2.570412 -4.623465
-3.946266 -9.710246 8.152498 0.430359 -9.791534 -2.158717 -5.372252
-4.971303 -10.957971 8.475244 0.644161 -8.783684 -2.521912 -4.833584
-1.161587 -7.372704 6.530399 -0.364994 -8.479755 -1.740429 -5.477571
-2.365823 -7.911830 7.037478 0.180808 -10.342557 -1.037543 -5.747201
-2.815496 -9.216697 7.748519 0.026485 -9.996614 -1.404701 -5.468177
-1.776528 -8.342330 6.393360 -0.575464 -6.829055 -1.829364 -4.402723
-1.653607 -7.400200 5.119503 -0.480107 -5.633894 -2.395880 -4.001636
-2.449014 -9.157503 7.568301 -0.231647 -8.838836 -2.106789 -5.448018
-3.208418 -9.391945 7.993014 0.330764 -11.215258 -0.258772 -5.505607
-3.309890 -8.891273 7.538031 0.437736 -9.456153 -2.218955 -5.510797
-3.553803 -8.784395 7.356919 0.657771 -9.876718 -1.406618 -5.192546
-1.416530 -8.194892 6.203645 -0.766357 -6.557176 -1.962368 -4.374861
-1.977087 -7.437618 5.908135 0.196213 -9.726581 -1.223619 -5.281881
-1.889042 -7.547612 6.382757 0.221912 -9.319351 -2.587841 -5.959442
-2.261297 -8.024537 6.585313 -0.194140 -7.442007 -2.100320 -4.700284
-3.461529 -9.411257 8.057228 0.402396 -10.691575 -1.741108 -5.854364
-2.299460 -7.388809 6.576451 0.347983 -9.912415 -0.745508 -5.295305
-4.094809 -10.488410 8.512008 0.251185 -9.575541 -1.887066 -5.257130
-2.055363 -8.686731 7.195218 -0.476959 -7.880672 -1.820230 -4.967536
-0.926626 -8.120809 6.509618 -0.736243 -8.014778 -2.320357 -5.600842
-2.982713 -8.910291 7.624256 0.485083 -10.148533 -2.313036 -6.028232
-3.564445 -10.180019 8.438555 0.101841 -10.009014 -1.800193 -5.532385
-3.125941 -9.501274 7.759126 -0.067355 -8.662754 -1.980952 -5.044817
-0.361879 -6.971062 5.065258 -0.870722 -5.974840 -2.322858 -4.647771
-0.793766 -7.568918 6.136978 -0.781217 -6.871995 -2.258939 -5.072292
-0.082222 -7.003239 3.994492 -1.491213 -4.553071 -2.354858 -3.906963
-1.009117 -7.944291 6.358254 -0.568966 -7.645557 -2.542263 -5.508607
-3.572060 -9.542179 8.239398 0.426845 -10.353548 -1.750763 -5.653190
-2.969087 -9.136129 7.897874 0.191029 -10.820638 -1.244030 -5.857327
-2.323390 -8.960280 7.457936 -0.264908 -8.360878 -2.049862 -5.269495
-2.592708 -8.846583 7.609779 0.027502 -10.559752 -1.411392 -5.817457
-1.203363 -8.018429 6.923519 -0.502494 -9.071880 -1.318496 -5.517431
-1.611153 -8.547660 6.730092 -0.754950 -7.120192 -1.889520 -4.677106
-1.641357 -8.104033 6.136118 -0.622230 -6.795767 -1.890059 -4.332481
-8.300390 -2.084788 -4.489139 5.280304 -5.376711 -3.710709 -2.255165
-14.432412 -1.831800 -2.487784 8.000774 -8.976834 -8.607313 -4.021625
-15.454154 -4.587255 -2.088406 9.301839 -9.130526 -6.069775 -3.021133
-8.013482 -2.025241 -1.326144 5.389988 -6.104847 -6.308012 -3.414856
-3.618421 -1.227380 -1.069260 1.380510 -1.949921 -4.923929 -3.005435
-7.765947 -2.386426 -0.081479 5.272125 -6.944835 -6.250842 -3.948013
-7.031745 0.618546 -2.465562 4.948915 -6.833083 -6.419320 -4.920312
-7.549167 -1.367290 -2.110451 5.492757 -6.780312 -5.218936 -3.543852
-9.215260 -2.137500 -2.131842 6.245859 -5.019445 -7.449763 -2.535636
-17.656519 -3.145415 -3.722577 10.552094 -9.259934 -9.792080 -2.672048
-9.130482 -4.272139 0.301570 6.623906 -7.622627 -6.393807 -3.669280
-6.741547 -1.623629 -0.282076 3.447283 -8.034917 -3.367946 -3.839476
-8.442033 -5.405540 0.736214 5.502271 -5.448503 -5.854417 -2.500733
-11.458286 -2.424079 -2.441313 7.651130 -7.173122 -7.276736 -2.887569
-7.468797 -0.206157 -2.891459 5.953573 -5.985779 -7.279761 -4.177577
-12.719259 -2.694377 -3.658553 8.720717 -6.511795 -8.007815 -2.696149
-7.026464 -1.862224 -3.469128 5.106856 -3.942753 -4.991335 -2.388121
-15.252705 -2.555042 -2.949337 8.370104 -9.326526 -8.207295 -3.487857
-14.243000 -4.200319 -1.503660 8.760410 -8.164758 -7.606504 -2.165225
-9.583035 -0.012687 -3.676887 5.253899 -5.591494 -6.600439 -3.164609
-14.289245 -2.994382 -2.965277 9.326879 -7.791367 -8.603477 -2.653717
-10.085008 -2.214033 -3.141381 7.321105 -7.634514 -5.856727 -3.896019
-9.575969 -1.172329 -3.508546 6.449397 -5.273875 -6.297908 -2.393999
-10.039271 -1.023374 -2.983595 6.493367 -6.702176 -7.807984 -3.744775
-7.905279 -0.960567 -2.052492 6.151965 -6.408928 -7.246388 -4.014899
-8.276823 -1.979526 -2.182994 6.280207 -5.511129 -5.950133 -3.092107
-10.362071 -2.400748 -2.111767 7.083615 -5.658533 -8.180319 -2.698133
-8.852200 1.670097 -6.211789 5.506567 -4.302624 -7.135494 -2.936175
-16.513737 -2.084831 -4.311595 9.646703 -7.596627 -10.493674 -2.878456
-7.799630 -2.112501 -1.063479 5.676579 -5.880244 -5.523083 -2.799626
-15.333489 -4.099384 -0.919615 8.353912 -9.221058 -8.253619 -3.125272
-7.313016 -1.654674 -0.811337 4.754526 -6.113922 -6.116640 -3.789434
-7.911774 0.506288 -2.757989 5.430007 -6.770072 -5.569759 -4.100404
-8.929348 -1.858599 -2.559782 6.361125 -4.776245 -8.398720 -3.010041
-9.445371 -1.671000 -1.767010 5.925313 -6.298583 -6.834515 -3.105644
-5.851247 -3.387907 1.242318 3.645720 -6.234072 -5.023842 -3.471381
-9.745369 1.268747 -4.368691 6.206711 -5.824380 -7.076077 -3.394462
-7.788981 -0.910924 -2.551560 4.400925 -3.204116 -6.679422 -2.516797
-10.869390 -3.370901 -1.012886 7.331911 -7.999637 -6.428393 -3.263012
-8.024329 -3.080953 -0.173450 5.790099 -6.918330 -5.500758 -3.277449
-9.954184 -1.942612 -1.782802 6.548920 -7.041946 -6.656442 -3.330074
-6.067532 0.313132 -2.635803 2.465582 -2.951397 -5.430671 -3.178448
-8.735944 -0.491390 -3.461772 6.481270 -5.755725 -7.048864 -3.312401
-9.938069 -1.621379 -3.390923 7.250175 -6.030473 -6.723267 -2.735040
-12.208163 -2.046572 -3.906032 8.251831 -7.214490 -7.737176 -2.986008
-10.385825 -0.833030 -4.792875 7.790029 -6.874262 -7.055028 -3.705617
-9.632518 -1.092314 -2.471146 6.695184 -7.231572 -6.951627 -3.910957
-11.373940 -0.727115 -3.149683 6.640395 -7.552613 -7.053080 -3.733969
-10.303055 -0.304722 -5.114701 7.877812 -6.449482 -7.615723 -3.827814
-9.617465 -1.169906 -3.401467 7.035672 -5.978956 -6.752134 -2.966518
-8.171612 -0.991563 -2.239159 5.485461 -6.452048 -6.011233 -3.575630
-11.473353 -1.225532 -4.201313 8.534506 -6.770602 -7.963147 -3.543886
-9.357434 -0.275014 -3.059540 5.980615 -6.350494 -6.365904 -3.347686
-7.386101 -0.409489 -3.246449 5.631163 -5.087027 -7.004626 -3.536011
-9.323698 -1.400326 -1.345037 5.943633 -7.649237 -6.731920 -4.345124
-6.932766 1.694163 -3.594539 4.756703 -5.355647 -7.350266 -4.777392
-7.552505 -2.961596 -1.586805 5.571638 -5.427870 -6.545919 -3.166686
-8.026199 -0.412883 -3.382906 6.272394 -4.784986 -7.164011 -3.077393
-7.411837 -1.425113 -1.672923 5.962864 -6.172686 -7.413978 -4.158402
-8.252151 -1.382792 -1.378963 5.420655 -6.432069 -6.327710 -3.655741
-6.414294 -0.622731 -1.675933 5.079593 -6.214935 -5.741785 -4.030275
-9.688823 -2.763195 -2.267247 6.446536 -6.312841 -5.580923 -2.034987
-8.150417 0.705744 -3.429816 5.200431 -5.823356 -6.504406 -3.854484
-9.950297 -0.216408 -3.258163 6.477781 -6.686349 -7.419712 -3.888533
-10.085692 -2.269855 -2.464776 6.765626 -6.024928 -7.162661 -2.785556
-8.480700 -1.198789 -1.735127 6.150119 -5.743806 -6.423785 -3.060054
-10.923816 -0.908477 -2.811608 6.986664 -7.239846 -7.368432 -3.664951
-10.123657 -2.037843 -2.108628 6.479834 -6.120857 -6.714475 -2.679097
-10.082445 -1.575137 -2.243600 7.185382 -6.981573 -7.422345 -3.627635
-7.454566 -0.320027 -4.280234 5.984858 -5.038366 -6.135592 -3.335577
-10.096171 -0.556596 -3.409414 7.054959 -6.116200 -8.069862 -3.638029
-9.795199 0.193159 -3.838582 6.347772 -6.282962 -7.135893 -3.614194
-11.581720 -0.905147 -4.736586 8.449038 -6.711854 -7.782699 -3.461088
-8.942831 -0.708757 -4.083867 6.878868 -5.768687 -6.494837 -3.308286
-9.480802 -0.643673 -4.415130 7.196035 -6.237483 -6.875892 -3.652006
-7.341608 -0.920490 -3.500058 5.134466 -4.118331 -5.243819 -1.929628
-8.228636 -1.628378 -2.660648 6.007350 -4.653376 -6.246542 -2.404763
-13.807896 -2.862557 -3.996116 9.348283 -7.777957 -7.107168 -2.905911
-6.829672 -0.027498 -4.924293 5.534238 -4.402087 -5.851799 -3.170539
-12.552504 -0.887399 -5.489151 8.475876 -5.378773 -8.596248 -2.251520
-10.558913 -2.224528 -2.476198 6.985425 -6.783906 -6.846781 -2.880604
-9.142369 -0.034650 -4.590138 6.978277 -5.263256 -7.753011 -3.247630
-4.478107 0.131712 -4.501098 4.010357 -3.751388 -5.643137 -3.662343
-9.349374 -1.031572 -3.605949 7.185254 -6.524222 -6.653287 -3.529588
-9.530994 -1.358490 -3.048228 7.291539 -6.440601 -6.913305 -3.549226
-8.202114 -0.613821 -3.400950 6.133824 -5.424042 -6.963019 -3.297240
-3.079372 -2.458313 -1.321341 1.670637 -3.440162 -1.966727 -1.590954
-5.829985 -0.986664 -2.460031 4.862099 -4.819102 -6.579915 -3.598926
-5.337457 -1.610893 -3.556954 3.281696 -3.369859 -3.698413 -1.787525
-6.696900 -2.004701 -2.298122 4.055861 -2.929895 -4.468647 -1.111439
-4.641439 -0.562169 -4.729915 3.232027 -3.287094 -3.638718 -2.242598
-9.875261 2.633537 -14.708757 1.614153 7.432620 -13.799540 -0.550614
-4.065284 -2.288962 -13.097618 -5.411239 10.332757 -12.534829 0.596971
-5.894445 -2.177818 -13.966114 -5.386891 11.188188 -13.232673 1.712572
-7.915918 -2.737970 -14.607604 -3.126351 11.706183 -13.740116 2.348136
-5.321267 1.620550 -12.552576 -1.373441 8.470851 -12.418763 -0.757436
-4.837816 -2.686058 -11.062778 -2.304035 8.582682 -12.067763 1.154240
-5.839365 1.522565 -13.506190 -1.366513 9.004890 -11.871499 -0.069912
-11.501637 -3.285119 -14.803131 -2.536238 12.546410 -13.688335 3.975285
-8.750846 -0.555253 -14.605824 -2.279478 11.521423 -13.641247 1.287061
-6.753354 -2.170211 -13.277753 -3.416080 10.615484 -12.509962 1.979603
-8.628679 -3.654635 -12.884230 -2.589202 10.498119 -11.767819 2.785527
-8.703598 -4.742905 -13.582603 -3.292980 11.781435 -13.403240 3.372028
-4.880774 0.733487 -13.189262 -2.893384 9.637973 -12.192429 0.153636
-7.405719 -1.623246 -13.195619 -2.277225 10.701764 -12.859827 1.618237
-4.967147 2.154952 -13.690717 -2.597850 8.769890 -11.298068 -0.911559
-8.623393 -1.420238 -13.921674 -2.177428 11.209496 -13.454249 1.548662
-9.180801 -3.933794 -14.483175 -2.796397 12.088841 -14.234922 2.784287
-5.682270 -0.814060 -11.118122 -1.510818 8.765195 -10.908634 0.869061
-7.119196 -1.730872 -13.452159 -3.572134 10.801253 -12.705587 1.741887
-5.770061 -2.858176 -12.266383 -4.227666 10.514205 -13.010816 0.743165
-6.550191 -2.286426 -12.635373 -3.258271 10.225413 -12.825644 1.092930
-9.203592 0.404730 -16.596346 -2.567226 12.424183 -14.726832 1.350648
-7.221700 -3.466985 -13.401197 -3.567439 11.383670 -13.611444 2.561368
-9.194284 -2.796699 -14.819701 -3.273735 12.704076 -14.966556 1.805443
-11.174478 -3.577994 -19.390316 -5.224502 15.316705 -16.908377 3.599685
-8.098662 -2.606144 -14.157989 -2.556067 11.551132 -13.632732 2.216425
-6.338560 -2.883628 -12.352298 -3.031784 10.349489 -12.465105 1.707208
-9.033225 -4.991274 -14.379756 -4.795385 12.436019 -14.454008 3.239177
-7.961308 -3.054985 -12.321093 -2.289350 10.757983 -12.558026 2.456601
-9.732791 -2.199407 -13.696801 -2.424444 11.043870 -12.213772 2.305151
-5.783730 0.063856 -15.078972 -3.872112 10.929736 -12.925207 1.303715
-5.895235 0.452427 -14.402406 -3.340160 10.362120 -12.043075 0.990258
-8.204522 -2.885144 -12.000299 -2.563754 10.333000 -11.638752 2.902662
-10.869576 -6.032526 -14.627376 -3.271914 13.469251 -15.677725 3.830771
-5.091733 2.070586 -13.687862 -2.104280 9.229720 -11.715927 -0.639872
-6.618573 -1.151761 -13.244622 -2.096232 10.257433 -12.905562 0.832766
-7.027537 -2.694445 -13.211278 -3.768661 10.402619 -12.172036 2.209324
-4.832494 1.313709 -13.346591 -2.367334 9.038623 -11.531430 -0.472829
-4.927592 2.053301 -11.920096 -1.460225 7.722117 -11.228972 -1.087628
-4.610147 -1.115105 -11.644364 -2.989059 9.140721 -11.715928 -0.010724
-5.802606 -1.302528 -11.203511 -1.586113 8.363357 -11.344612 0.147426
-8.176037 0.281196 -13.898877 -1.022331 9.856164 -13.262341 0.493002
-5.524809 -0.455986 -12.074656 -1.710464 9.118806 -11.434434 0.787616
-4.019805 1.493915 -10.801046 -2.827266 7.729936 -9.857218 -0.985940
-7.271564 -2.689548 -11.925603 -3.295460 10.359228 -11.743540 1.596377
-7.007960 -1.428386 -11.591285 -1.763978 9.604327 -11.706500 0.934299
-9.099828 -1.574327 -15.500773 -1.224985 11.946082 -15.169243 0.972603
-9.766585 1.272511 -17.066315 -1.514261 12.037830 -15.173460 0.537728
-12.028799 -1.532109 -18.078646 -1.680971 13.818619 -15.954670 2.878198
-6.692770 -0.777239 -13.650738 -2.950840 10.901389 -13.570521 0.624980
-3.078975 0.017462 -11.514414 -2.995051 8.342510 -10.891946 -0.307402
-4.263481 1.027967 -12.105326 -1.836471 8.080440 -12.096354 -1.379207
-3.513091 1.411829 -11.735288 -2.009238 7.363471 -10.591700 -0.805187
-9.920700 -2.749021 -14.203674 -1.510588 12.126458 -14.764594 3.069947
-3.750038 0.557947 -11.687479 -2.067758 7.922550 -11.370506 -1.064988
-17.385828 -3.031230 -23.359129 -1.853160 18.189693 -21.493446 4.320745
-8.297876 -0.641686 -14.743790 -0.952865 9.639426 -13.729199 1.207165
-2.851541 0.100759 -10.065866 -2.614562 7.507526 -9.740038 -0.697937
-7.247179 0.251132 -17.587425 -6.111500 12.731559 -14.512187 0.493751
-7.998088 -1.835932 -19.133230 -7.529331 14.441671 -16.650312 1.238768
-12.361530 -5.329301 -16.188721 -3.326690 14.775332 -17.236347 3.776656
-4.115070 1.484992 -13.329061 -2.623396 8.967049 -12.287697 -0.268608
-8.352845 2.076772 -17.518595 -1.961864 11.812889 -14.954204 -0.203115
-6.942256 1.232169 -17.213999 -2.702410 11.317342 -14.642087 1.093124
-9.861041 -1.961852 -17.117647 -2.680645 13.142548 -15.401792 2.379893
-12.093520 -5.545324 -13.503895 -1.659910 12.742580 -15.525271 4.731224
-6.328266 -0.681526 -14.487330 -2.979852 10.872561 -13.312698 0.902054
-4.517516 -0.532188 -11.329455 -2.822421 8.896756 -11.107026 0.551206
-7.835665 -1.913053 -16.725716 -5.605383 12.473496 -14.113000 1.450121
-9.916186 -3.506215 -15.967044 -2.976321 13.465562 -16.184677 3.022913
-6.351665 -4.888198 -8.995788 -2.450300 9.113812 -11.149103 2.777297
-5.872059 -0.023377 -14.730247 -5.167284 11.074121 -12.809816 0.435757
-5.441914 -1.281641 -11.831324 -1.907936 9.099779 -11.817341 0.893440
-8.855073 -2.513963 -16.657007 -3.736967 12.668070 -15.161353 1.805951
-2.912619 -0.631531 -9.955484 -3.084276 7.861999 -10.205511 0.362456
-4.408429 -0.052066 -12.001189 -2.786666 9.190447 -11.401110 0.088744
-6.531109 1.270911 -13.002410 -0.448383 8.599114 -13.317751 -0.937068
-4.371163 2.319366 -12.179077 -1.212885 7.389199 -11.620280 -2.254567
-8.089782 -5.491466 -16.016720 -6.227645 13.771935 -16.148502 2.425653
-7.081851 -0.963069 -13.794909 -2.664995 11.068587 -13.982984 0.394479
-8.898664 1.794928 -16.733831 -0.085172 10.415527 -14.760356 0.300794
-13.986813 -3.017105 -17.849543 -1.611790 14.714497 -17.463449 3.103919
-8.801455 -1.191052 -17.801365 -4.209802 13.443281 -15.866381 1.256485
-8.045493 -4.155798 -12.180783 -3.204190 10.951545 -12.966956 3.389278
-11.195074 3.084739 -18.062881 -0.004327 10.899079 -15.805196 -0.129956
-5.866475 -2.748266 -13.078687 -3.244028 10.206564 -13.468143 1.982298
-10.691832 -1.435292 -18.040924 -3.175516 14.149702 -16.447466 2.198396
-11.676032 -7.008859 -14.479248 -2.293395 13.091675 -15.906717 5.253635
-9.448482 2.418234 -17.430788 -0.773262 10.603359 -15.043461 -0.282174
-7.381505 -2.182749 -14.169358 -2.900651 10.865743 -13.838029 0.575694
-7.652365 1.073027 -15.103539 -2.744503 10.907234 -13.289766 -0.245145
-7.147560 1.250894 -18.293224 -5.878510 12.805004 -14.786648 0.008988
-6.761753 -3.537512 -11.367693 -2.314675 10.023808 -12.849146 2.331133
-5.675715 1.272044 -14.580559 -3.565114 10.338318 -12.532103 0.115504
-5.573029 -1.121598 -11.985221 -3.378417 9.014214 -11.398631 0.266052
-11.657740 -8.531008 -18.925976 -6.812229 15.926634 -18.894733 4.609687
-8.199972 -0.119654 -16.426369 -2.890632 12.390442 -15.044683 1.176608
-6.211988 -3.181456 -12.292609 -3.987529 10.741735 -13.283393 1.378138
-8.610680 -1.611343 -14.588489 -2.320973 11.597784 -14.446108 1.707180
-5.319502 -2.421903 -12.303174 -3.850472 10.304795 -12.771309 1.413091
-3.442018 -5.887156 -0.513334 -2.791070 -9.103143 6.975451 -1.015263
-8.868563 -8.163363 -2.022888 -2.708056 -11.174909 11.547393 2.922452
-12.402517 -10.960527 -2.854678 -2.761879 -13.640698 14.354479 4.122606
-8.188880 -8.534019 -1.139437 -2.467792 -11.554494 11.113345 2.195962
-11.491224 -12.746874 2.722003 -1.103927 -15.646126 11.147507 -0.096699
-6.632278 -8.389043 0.810535 -2.014326 -10.477114 8.383910 0.698449
-5.971042 -7.438662 0.921033 -2.227128 -10.189052 8.645420 0.296139
-7.267724 -7.851239 -0.342095 -2.412591 -10.868730 10.038028 1.192931
-8.159282 -8.064507 -0.959989 -2.336315 -10.652521 10.509377 1.817524
-12.583780 -10.229015 -3.582648 -3.238578 -14.048305 14.788191 4.022930
-10.271580 -9.834832 -0.586724 -2.152343 -12.615993 12.196343 2.473412
-11.871228 -10.352563 -3.129476 -3.250026 -14.013700 14.496615 4.112083
-10.829476 -11.929956 1.264688 -1.721263 -12.429403 11.040185 2.377641
-12.550364 -11.426634 -1.650500 -2.553654 -14.105680 14.095794 4.324789
-7.420180 -8.510428 0.993342 -1.518309 -10.842429 8.811559 0.365353
-7.905872 -8.651397 -0.710545 -2.067196 -10.841283 10.620531 2.086121
-7.821769 -9.044577 0.965071 -1.526141 -10.930964 9.239676 0.808109
-4.081212 -6.155445 1.125798 -2.056820 -8.740562 6.476676 -0.516592
-4.201279 -6.231421 -0.148207 -2.094054 -7.850265 7.413797 0.842076
-8.249060 -8.108418 -0.231303 -2.008022 -11.159580 10.109470 1.099556
-6.243073 -7.045031 -0.890061 -2.565817 -10.272884 9.281377 1.248439
-6.726533 -6.502637 -1.328796 -2.754842 -9.549903 9.612975 1.471541
-9.997643 -9.608492 -1.322844 -2.329171 -12.044293 12.233287 3.001767
-11.098063 -11.010519 0.349831 -1.402936 -12.659401 11.539297 1.833958
-8.879362 -9.925560 1.106606 -1.746868 -11.697157 9.732397 0.902121
-7.370262 -9.048467 1.276747 -1.892124 -10.924400 8.774897 0.740337
-8.362395 -9.755509 1.174614 -1.564509 -11.883388 9.488401 0.721868
-6.924331 -6.884314 -2.308651 -3.079991 -10.468903 10.642967 2.099840
-9.972986 -8.530066 -2.228434 -2.731973 -12.432295 12.455776 2.635577
-9.857700 -8.306539 -3.086304 -3.138455 -12.414755 12.782450 2.922326
-9.984320 -9.988544 -0.991937 -1.708218 -11.201591 11.203334 2.874162
-8.172292 -6.762009 -3.274639 -3.616191 -10.884830 11.204197 1.762309
-9.445004 -11.044992 1.950538 -1.129338 -13.757904 9.969843 -0.381195
-9.223328 -9.355325 -1.173902 -2.186210 -11.486604 11.422083 2.295731
-11.536029 -11.038721 -0.913090 -1.475571 -11.552551 11.298965 3.127728
-10.861300 -10.483636 -1.721003 -2.428674 -12.747118 13.106225 3.312468
-10.747486 -10.097264 -0.197258 -1.654900 -12.427743 11.503248 2.037918
-9.081527 -9.586301 -0.728244 -2.452717 -12.080671 11.595654 2.502650
-14.286247 -11.945246 -3.733232 -3.148575 -16.294035 16.736473 3.607812
-9.324011 -8.872943 -1.738744 -2.779340 -12.430420 12.255076 1.807969
-6.267775 -8.415902 1.589110 -1.285847 -10.983999 7.330882 -0.998880
-13.801322 -12.784665 -1.145971 -2.350588 -14.887362 14.906318 4.034729
-7.795878 -9.004562 0.798874 -1.341909 -11.093966 9.011046 0.601397
-12.154181 -10.837013 -2.001995 -2.664628 -14.425261 14.336027 3.341061
-11.867294 -11.531421 -0.234213 -2.226754 -14.355453 13.045602 2.032964
-10.557645 -9.591555 -3.368819 -3.427743 -11.875248 12.989317 4.063032
-12.171935 -10.750444 -2.667236 -1.789734 -13.634963 13.821016 3.143893
-11.300230 -10.744674 -1.794067 -2.187219 -12.858085 12.247340 2.963680
-11.520464 -9.993913 -3.057329 -3.090435 -13.673924 14.281296 3.413519
-12.110702 -11.276999 -1.546010 -2.021033 -12.995670 12.715848 3.843194
-9.228518 -9.740314 0.486646 -2.005546 -12.113833 10.979121 1.805234
-11.825800 -10.726545 -0.926834 -2.082601 -13.612341 13.203879 2.969931
-10.275418 -10.027295 0.746077 -1.450478 -12.632880 11.040473 1.708709
-10.508851 -8.629837 -4.266452 -3.087971 -11.312892 12.567451 3.641708
-10.628451 -10.410150 -0.670945 -1.930158 -12.775870 12.409167 2.343785
-9.696127 -10.928996 2.056123 -0.709020 -12.674903 9.389863 0.379119
-8.759754 -9.171562 0.635345 -1.748950 -11.782161 10.360489 1.303382
-10.028078 -9.040901 -0.972759 -1.904972 -12.922620 12.128889 1.425884
-8.509565 -8.456845 -1.393241 -2.474500 -11.620820 11.302928 1.622705
-8.704934 -8.871196 -1.087816 -2.344897 -11.863121 11.224351 1.605898
-11.064769 -10.571818 -1.311485 -2.268292 -13.450177 13.221581 2.838654
-10.616465 -10.434915 0.573171 -1.757118 -13.736837 11.370563 0.817592
-10.282525 -9.768475 -1.844484 -2.607343 -12.727670 12.450387 1.845484
-10.472277 -11.426130 2.152210 -1.284280 -14.051459 10.283638 0.337120
-8.662463 -7.634937 -2.013899 -2.700929 -10.747475 10.958930 2.396115
-10.939238 -10.258950 -2.276601 -2.678377 -12.667325 13.166327 3.273755
-9.139410 -9.018442 -0.413171 -1.927384 -13.041057 11.427714 1.080377
-11.236976 -10.125429 -1.741092 -2.136461 -13.730415 13.502743 2.460473
-12.062418 -11.467734 -0.852529 -1.783543 -14.783476 13.664639 2.444443
-10.371885 -11.222983 1.898060 -1.305436 -14.147019 11.118979 0.695926
-7.718260 -9.250579 1.410747 -1.549369 -11.372046 8.945001 0.400048
-6.212852 -8.022537 1.349913 -1.628981 -9.338220 7.859192 0.745610
-9.351697 -10.393579 1.721475 -1.536836 -12.629755 10.022441 0.729258
-9.107967 -9.330788 0.347509 -2.122549 -12.194071 11.022508 1.464560
-9.897372 -9.564215 -2.156277 -2.551230 -11.865267 12.684734 3.066119
-3.237963 -7.525922 3.926911 -1.330993 -9.644127 4.035402 -2.571913
-4.987075 -6.184880 -0.773268 -2.743209 -8.732663 8.134596 0.801019
-3.404173 -6.471649 1.944986 -1.602339 -8.515736 4.867793 -1.434885
-5.894522 -6.912383 0.508252 -1.901496 -9.043123 8.439093 0.884878
-4.459087 -6.565691 0.537695 -2.247076 -9.128524 7.821289 0.003738
-4.718760 -6.032556 -0.593327 -2.470514 -8.976480 8.159444 0.636085
-5.768506 -6.991936 0.592689 -1.947932 -9.320687 8.019534 0.650227
-8.645838 -10.297666 2.187981 -1.538751 -12.499480 9.531564 0.241954
-4.037510 -6.819328 1.289251 -2.021924 -9.217066 6.521261 -0.898330
-7.134975 -7.364010 -1.352956 -2.524352 -10.011183 10.150199 1.990335
-9.536422 -10.000522 0.654982 -1.340564 -12.532302 10.823077 1.173550
-8.069364 -8.222017 -1.496877 -2.466298 -11.980949 11.675067 1.446187
-6.184549 -7.575499 0.380998 -1.763742 -10.728274 9.062152 0.007887
-9.810660 -9.675456 0.605855 -1.776896 -12.392595 10.946909 1.564770
-6.471483 -6.473341 -1.588909 -2.637611 -10.203527 9.764814 1.008454
-7.576396 -7.982368 -0.661708 -2.354818 -10.481725 9.921624 1.321604
-7.862290 -7.915310 -1.040121 -2.344685 -10.938229 10.241249 1.384120
-8.887827 -8.857973 0.146153 -1.753955 -11.551835 10.195345 0.677852
-8.383535 -7.983568 -1.824640 -2.605757 -10.994691 11.534707 2.129368
-7.880269 -8.310747 -0.440701 -2.060822 -10.745667 10.705687 1.809137
-7.314380 -8.377570 1.274498 -1.409032 -10.159777 8.467226 0.853352
-11.215596 -10.850210 -0.049834 -1.567468 -13.211413 12.201163 2.033890
-11.034005 -10.629273 -0.195233 -1.220605 -11.994019 11.175949 2.442258
-10.443767 -9.330415 -1.659403 -2.225759 -12.978819 12.830584 2.260089
-9.517198 -9.373868 -0.463015 -2.352310 -11.947446 11.632946 2.274963
-20.348932 -14.993560 -10.813015 -2.761157 2.481877 -1.492354 12.601747
-26.580276 -16.393766 -10.120683 1.315059 -4.168429 5.034466 14.349761
-18.311510 -11.353607 -10.303363 -2.338910 -1.239533 1.744137 11.339406
-26.265673 -18.631489 -9.339643 -0.570200 -2.629536 3.507492 15.335363
-20.050293 -13.422258 -10.631368 -0.675099 1.165261 0.380931 12.969913
-22.243595 -16.350925 -8.432654 -0.216573 1.750594 -1.315983 13.633327
-24.767866 -18.378162 -11.174094 -1.205049 0.618523 0.296324 15.753703
-20.152662 -14.004590 -13.061037 -3.767316 4.209845 -3.048542 14.159882
-23.948778 -16.442877 -7.010113 -0.365551 -1.240838 1.935596 13.284080
-18.990622 -14.299554 -13.411034 -4.395249 3.156746 -1.755646 14.070384
-23.010088 -16.560972 -8.690257 -0.139782 -2.350684 2.542485 13.109013
-23.739302 -17.701136 -8.430971 -0.599831 1.164840 -0.718346 13.962090
-23.786825 -16.823919 -8.495803 -0.836027 0.247603 0.560233 13.973643
-23.991428 -16.645580 -10.537570 -1.002768 0.461001 -0.812072 13.896343
-17.613348 -10.920179 -7.102904 1.267598 0.472089 -1.162547 9.946874
-19.164993 -12.314565 -9.449195 -1.436311 1.475176 -0.804849 11.770308
-14.727146 -9.681733 -8.493009 0.157157 2.147741 -2.267975 9.686588
-15.183111 -9.413857 -10.203357 -0.688669 0.843802 -0.288174 10.066432
-19.978603 -13.819364 -8.756697 -2.067771 -0.205081 1.147768 11.674238
-21.717127 -12.100564 -9.622069 0.887999 0.000220 0.873887 12.001523
-15.418682 -10.743423 -8.150628 -0.286434 2.547625 -2.644357 10.338434
-18.869352 -12.534787 -9.348557 -0.646323 0.744750 -0.112512 12.010885
-13.533138 -8.941071 -6.596727 -0.438568 0.039190 0.368023 8.335402
-12.512446 -6.199947 -5.468278 0.421926 -1.311537 -0.541557 5.880926
-10.680765 -6.224499 -5.657691 0.130211 0.005079 -1.313025 5.832576
-16.182405 -7.679158 -9.554980 -0.037525 -1.326475 0.917952 8.532780
-24.967512 -18.682320 -10.757372 -2.167650 -0.770138 2.071321 15.629146
-14.309194 -7.225176 -7.513706 1.426852 -0.278467 -0.075405 7.408242
-15.965857 -9.455788 -7.491794 0.622072 0.302964 -0.181544 8.981128
-16.593225 -9.067905 -6.907581 0.396692 -1.694716 1.720969 8.951691
-10.121455 -6.096660 -4.771253 0.814081 0.551742 -1.336450 5.134563
-8.391768 -7.525685 -6.217637 -3.293613 1.095202 -0.565240 5.794937
-18.694128 -14.055575 -11.166595 -3.385341 4.210551 -3.402241 12.540506
-24.699860 -16.725945 -10.978589 -1.668189 -1.715351 4.280689 15.166702
-13.090056 -8.675393 -6.610327 0.043843 0.482283 -0.932020 8.189276
-13.490496 -7.730651 -5.895170 0.878189 0.650108 -2.079673 6.910475
-14.094677 -7.071118 -6.826089 0.930349 -0.529180 0.403839 7.632070
-9.666618 -6.145703 -6.475359 0.871285 2.110347 -4.295639 4.746999
-14.786095 -9.447632 -7.649874 -1.014664 0.579524 -0.138061 9.043364
-15.476821 -9.035924 -6.718198 0.603603 0.555210 -1.274522 8.554621
-15.198560 -10.991960 -6.640725 -0.630437 1.770192 -1.616632 9.536759
-11.579313 -6.721612 -6.947276 0.259691 0.187333 -0.073861 7.152415
-13.144947 -6.089721 -9.678142 -1.065759 1.207790 -0.883262 7.727911
-14.955958 -9.533475 -6.572503 0.434451 0.045508 0.035202 9.007132
-12.822389 -6.661039 -7.736104 0.867655 1.174906 -1.933504 7.002097
-14.814009 -9.452127 -5.858643 0.607188 1.192776 -2.156697 8.343817
-13.944381 -6.264843 -10.743681 -1.145208 0.809590 -0.161611 8.234247
-8.700315 -4.689350 -4.057870 0.166640 -2.186458 0.404002 4.082957
-14.977472 -8.625325 -7.669906 0.146596 0.519560 0.191283 8.964763
-14.109434 -8.826179 -5.305341 0.204952 0.250878 -0.162860 7.207391
-21.433115 -15.053178 -12.221734 -0.853007 3.402011 -2.525074 13.740549
-22.256624 -13.577783 -13.410491 -0.873774 2.832003 -1.955159 13.741935
-17.377041 -10.976209 -9.399766 0.194399 2.328052 -2.532554 10.856292
-25.734516 -14.927069 -11.336878 1.123069 0.374757 0.975846 14.686598
-24.978083 -13.895832 -12.674275 -1.102895 0.855043 -0.435153 13.938663
-17.410570 -11.367678 -8.560273 -0.179026 0.321461 0.794947 10.888618
-21.030754 -12.538691 -10.432675 -1.056582 2.894188 -3.060945 11.287699
-23.046755 -11.816612 -9.083685 1.863245 -1.363091 0.615515 11.296209
-26.564766 -17.721754 -12.547737 -1.016750 -0.110815 2.122791 17.169577
-20.188379 -12.398451 -5.710202 1.872370 -0.142842 -1.015776 10.227889
-16.053923 -10.778466 -7.573626 -1.010508 0.160026 1.099286 10.394732
-18.392727 -12.011406 -10.565163 -2.374198 1.373528 -0.390808 11.263025
-19.957619 -15.407443 -8.487962 -0.503334 0.960013 -0.267405 13.073912
-16.359449 -10.231616 -7.391298 0.364451 0.122685 -0.184774 9.686749
-15.660508 -9.246473 -8.264711 -0.437490 2.531501 -2.256199 8.607486
-22.155748 -11.156893 -9.930810 2.030467 -1.185462 0.000333 11.180942
-14.494074 -8.544075 -7.345320 1.619326 -0.282069 0.110526 8.512759
-19.869465 -12.610821 -9.714628 0.259357 1.438105 -1.000449 12.400926
-23.894669 -13.722823 -11.761710 1.498412 2.050761 -1.874148 13.758265
-19.470266 -14.351811 -11.216488 -2.460024 1.378608 -0.184148 12.662755
-26.948067 -15.266930 -10.490733 2.572796 -2.795141 1.931005 14.172674
-22.637117 -13.912120 -7.982654 0.496931 -0.136890 0.353659 12.618306
-20.975063 -11.809177 -12.224625 0.612453 2.797417 -1.955393 12.738341
-26.879463 -17.644543 -14.023054 -2.847036 6.972502 -6.599575 15.299107
-17.980249 -10.619946 -10.562977 -1.765210 1.574741 -0.688158 11.102657
-21.406225 -11.643613 -10.659019 0.933328 0.148526 0.479139 11.385479
-26.517647 -14.642909 -11.326682 2.914918 0.960101 -0.726070 14.468159
-17.440075 -10.299842 -9.222992 -2.031513 1.564773 -0.681549 10.279705
-24.509274 -13.919227 -10.987667 0.984323 0.957378 -0.574834 13.580100
-15.032616 -9.204088 -8.804625 -0.376188 1.753295 -1.403513 9.388364
-22.884171 -11.778002 -12.252670 0.503162 2.563393 -1.970421 12.865454
-18.548542 -12.790242 -10.304655 -0.579317 2.887195 -2.157387 12.446698
-25.013668 -15.606025 -10.713231 0.762714 0.568000 0.867704 14.486581
-24.385250 -14.131588 -12.722260 -0.448393 0.534960 0.449504 14.017204
-20.686804 -16.041019 -11.026366 -2.062259 3.505872 -3.362906 13.791351
-20.774487 -13.677797 -10.242005 0.515273 3.146575 -2.786019 12.674245
-19.176334 -10.257178 -10.486849 1.182926 0.426098 -0.310701 10.944901
-20.748903 -10.526720 -10.894458 2.178022 2.172431 -1.713646 11.078841
-21.383718 -8.905103 -12.031945 2.408180 0.056220 -0.398986 10.182832
-14.415132 -8.156446 -6.001548 1.200718 0.165200 -0.592088 7.630011
-22.493864 -14.284319 -10.341244 -1.643397 1.009141 0.273035 13.327891
-15.386786 -9.316284 -11.556211 -2.972133 1.957197 -0.613154 10.195915
-22.836130 -16.352406 -10.681109 -1.119750 0.563266 0.230045 14.899655
-26.404530 -18.979963 -15.838856 -2.270593 2.931876 -1.744785 17.774502
-24.080421 -17.465092 -11.900549 -2.429502 -0.557003 2.871622 15.571381
-21.929491 -13.763208 -9.540256 1.663424 0.356570 -0.247333 12.817778
-18.254274 -11.722785 -8.488542 0.250175 0.119933 0.894580 11.199378
-19.623981 -11.071561 -10.241683 -0.181775 -0.459870 1.688210 11.300099
-20.848892 -15.072058 -9.115144 0.335490 2.214105 -2.497225 12.822332
-16.996223 -11.378262 -10.960364 -1.773195 2.302958 -0.867995 11.414536
