10.234645 -4.537375 -2.849852 -6.213648 0.252466 0.394085 -4.355032
10.331767 -4.595409 -2.856060 -6.274660 0.258855 0.400897 -4.397185
10.313183 -4.586138 -2.856097 -6.257513 0.264178 0.398021 -4.387076
10.231439 -4.537748 -2.851665 -6.212541 0.253568 0.394709 -4.350937
10.393294 -4.631231 -2.852381 -6.297968 0.250821 0.430195 -4.422800
10.393294 -4.631231 -2.852381 -6.297968 0.250821 0.430195 -4.422800
10.393294 -4.631231 -2.852381 -6.297968 0.250821 0.430195 -4.422800
10.180433 -4.557722 -2.819604 -6.169434 0.262864 0.408531 -4.320381
10.150500 -4.513042 -2.769156 -6.150687 0.212748 0.435426 -4.359940
10.397971 -4.632073 -2.854070 -6.300269 0.251662 0.430930 -4.424855
10.300984 -4.580213 -2.862333 -6.248124 0.269197 0.390111 -4.382265
10.393294 -4.631231 -2.852381 -6.297968 0.250821 0.430195 -4.422800
10.393294 -4.631231 -2.852381 -6.297968 0.250821 0.430195 -4.422800
10.393294 -4.631231 -2.852381 -6.297968 0.250821 0.430195 -4.422800
10.184161 -4.566942 -2.744814 -6.171907 0.215150 0.463050 -4.355542
10.282247 -4.584713 -2.842034 -6.235930 0.264945 0.407424 -4.371743
10.383698 -4.628809 -2.849925 -6.290414 0.250255 0.431329 -4.419209
10.417464 -4.637949 -2.863332 -6.310143 0.257464 0.426462 -4.431812
10.368018 -4.621335 -2.834293 -6.284557 0.243342 0.442304 -4.433150
10.393294 -4.631231 -2.852381 -6.297968 0.250821 0.430195 -4.422800
10.324890 -4.592968 -2.854479 -6.263512 0.261583 0.403711 -4.392299
10.427949 -4.652114 -2.828342 -6.317399 0.234341 0.461956 -4.443998
10.348426 -4.624122 -2.832218 -6.270545 0.247397 0.437240 -4.404604
10.316364 -4.585201 -2.856411 -6.264639 0.263628 0.397938 -4.388153
10.328358 -4.594977 -2.853725 -6.265402 0.260663 0.405575 -4.393826
10.324680 -4.593047 -2.853598 -6.263478 0.261085 0.404444 -4.392208
10.393294 -4.631231 -2.852381 -6.297968 0.250821 0.430195 -4.422800
10.330458 -4.612474 -2.833983 -6.250846 0.249898 0.430703 -4.392844
10.393294 -4.631231 -2.852381 -6.297968 0.250821 0.430195 -4.422800
10.321047 -4.590770 -2.854807 -6.261559 0.262313 0.402030 -4.390585
10.393294 -4.631231 -2.852381 -6.297968 0.250821 0.430195 -4.422800
10.384408 -4.628989 -2.850107 -6.290974 0.250297 0.431245 -4.419475
10.393294 -4.631231 -2.852381 -6.297968 0.250821 0.430195 -4.422800
10.343763 -4.603412 -2.871197 -6.268519 0.280910 0.397879 -4.382902
10.393294 -4.631231 -2.852381 -6.297968 0.250821 0.430195 -4.422800
10.393294 -4.631231 -2.852381 -6.297968 0.250821 0.430195 -4.422800
10.393294 -4.631231 -2.852381 -6.297968 0.250821 0.430195 -4.422800
10.337347 -4.580150 -2.869164 -6.265464 0.253707 0.404018 -4.404518
9.883361 -4.371580 -2.759168 -6.015986 0.217674 0.371018 -4.254529
9.656081 -4.393602 -2.509646 -5.836237 0.175570 0.532771 -4.188212
10.051049 -4.450837 -2.746874 -6.109879 0.220822 0.410054 -4.286768
10.202348 -4.552235 -2.807177 -6.171040 0.297834 0.355328 -4.317296
10.393294 -4.631231 -2.852381 -6.297968 0.250821 0.430195 -4.422800
10.376719 -4.627048 -2.848139 -6.284921 0.249844 0.432155 -4.416597
10.294025 -4.601444 -2.811236 -6.241338 0.250184 0.450921 -4.388500
10.050738 -4.519099 -2.667869 -6.033895 0.270027 0.447681 -4.408865
10.393294 -4.631231 -2.852381 -6.297968 0.250821 0.430195 -4.422800
10.393294 -4.631231 -2.852381 -6.297968 0.250821 0.430195 -4.422800
10.393294 -4.631231 -2.852381 -6.297968 0.250821 0.430195 -4.422800
10.393294 -4.631231 -2.852381 -6.297968 0.250821 0.430195 -4.422800
-10.705591 9.984305 -10.568536 3.020671 -0.255339 -12.275967 -4.302736
-13.788779 12.762161 -15.211992 2.327997 1.561729 -15.832263 -4.547371
-10.992697 11.445734 -14.426318 1.149828 1.492580 -14.024876 -3.858351
-18.654625 17.209709 -18.508032 4.070772 -0.464567 -19.112391 -6.475860
-14.216223 13.492038 -14.697495 3.443475 0.227819 -15.759297 -5.357069
-9.854970 10.213664 -13.356650 1.646554 0.656602 -12.641965 -3.186314
-12.956586 12.968246 -14.123076 2.587234 0.307934 -15.006194 -5.180987
-14.679014 13.856961 -15.593647 3.071764 1.096117 -16.609898 -5.203238
-15.918522 14.362584 -14.951246 4.829385 -1.127156 -16.631088 -5.691299
-21.206127 19.141188 -21.004045 5.283222 -0.867011 -22.360989 -7.411690
-20.067818 18.606169 -20.791368 4.203113 1.364214 -22.443333 -7.288949
-23.127638 20.398159 -22.209915 5.419343 -0.123621 -23.844397 -7.536429
-17.039085 14.863730 -16.809822 3.986545 -0.012351 -17.850559 -5.044670
-13.640671 12.915770 -15.361330 2.891074 -0.138330 -15.096188 -4.656204
-20.190311 16.854996 -20.520004 4.448965 1.129647 -21.598600 -5.891929
-15.668891 14.948628 -17.127947 3.403680 -0.972405 -17.032343 -4.999318
-12.328380 12.552915 -14.803168 2.535151 -0.423431 -14.555362 -4.433002
-12.591301 13.275901 -15.342597 2.350445 -0.455740 -15.132412 -4.617910
-16.832787 14.714130 -16.852423 3.547405 -0.032537 -17.372335 -5.356195
-9.466742 10.311421 -11.653168 1.892983 -0.444613 -10.939709 -4.022710
-23.427679 17.000385 -22.789635 4.384970 3.665137 -24.275187 -6.043576
-22.429644 15.544788 -21.782290 3.474304 3.799495 -22.662548 -4.750408
-22.435425 18.090176 -21.174580 4.574752 2.151308 -23.238644 -6.725684
-24.936668 21.602140 -22.628260 6.314660 0.714835 -26.034086 -8.872533
-17.118008 14.105536 -18.826715 2.465456 1.178415 -18.247746 -4.332586
-5.536198 -9.544644 13.184684 2.529630 -13.463844 3.311418 -3.631184
-4.710549 -9.133503 14.348558 3.286892 -12.390624 2.217388 -4.427401
-1.769093 -7.861836 10.411737 0.336912 -9.193501 3.585331 -3.435529
-4.642027 -11.235785 13.648292 1.044509 -13.582653 4.941043 -2.738211
-6.452706 -10.147046 14.935009 3.809425 -13.644207 2.165439 -3.979747
-3.242614 -6.791837 10.646442 2.032897 -9.322327 1.919213 -3.302834
-6.783677 -11.015341 15.944448 3.020456 -15.228145 3.444370 -4.361062
-9.322350 -10.864157 15.737615 4.213724 -15.978709 2.781741 -3.493294
-4.997058 -9.635918 13.239689 2.022440 -12.756680 3.218857 -3.028861
-8.528344 -12.147597 17.117561 3.849262 -16.217556 2.413156 -4.063993
-4.126400 -7.467716 12.288829 3.387573 -10.176492 1.399135 -3.336835
-5.833774 -9.131421 13.754409 3.066013 -12.300768 2.378417 -3.992413
-4.111460 -8.373183 11.307730 2.003760 -10.950682 2.964626 -2.579047
-6.892666 -9.634544 13.699467 3.986966 -13.778812 1.731274 -3.429539
-3.791991 -7.546205 11.277473 2.179233 -10.301906 2.412421 -3.062427
-5.211669 -10.515159 14.096602 2.002328 -13.191545 3.487774 -3.438709
-7.218199 -11.973454 16.164934 1.925875 -15.773376 4.562067 -4.479025
-7.681295 -11.943412 17.997753 4.252347 -15.914091 2.489582 -5.253203
-4.741222 -10.350558 14.145523 1.775973 -13.095302 3.673913 -4.153144
-5.601835 -9.676174 14.976650 3.840886 -12.881237 1.871921 -4.861889
-8.132281 -10.938878 16.095964 4.942875 -14.919483 1.455251 -3.754151
-5.225251 -9.369319 12.993782 2.557135 -12.519500 2.842307 -3.758814
-0.491713 -6.721526 9.794471 1.771409 -7.015234 0.366188 -4.556229
-1.265085 -7.303832 9.713383 1.031338 -8.610563 2.467421 -3.136233
-5.447010 -10.205338 14.136258 2.989254 -13.133434 2.436178 -4.013411
-21.010427 3.287433 -2.286004 17.157312 -8.790688 -15.007821 -1.421241
-22.777618 6.748125 -5.790359 16.885632 -8.937169 -17.003130 -2.167357
-17.897690 -0.493501 0.188221 13.206683 -9.975266 -9.660362 1.052063
-14.906931 0.009626 0.710012 12.577966 -6.777124 -10.282297 -0.910022
-15.072101 -1.184376 1.395639 12.509346 -9.114111 -8.709412 -0.199243
-20.132355 2.517405 -1.278606 15.719113 -8.083250 -14.258979 -0.942159
-18.699320 3.595548 -4.376939 14.239742 -6.205295 -14.251845 -1.001034
-15.905675 2.189785 -2.904024 11.739841 -7.733778 -10.286772 0.238537
-22.011585 4.901439 -3.923512 16.970308 -8.708826 -15.671958 -1.390274
-18.776989 -1.431575 -0.820176 12.604076 -9.902689 -9.390838 2.280154
-21.911449 2.839514 -3.068996 17.142984 -6.631661 -16.826052 -1.423792
-20.049526 1.441551 0.002583 16.499197 -9.733225 -13.173283 -1.417385
-20.967670 4.941943 -6.877028 13.901174 -4.927229 -15.870560 -1.002569
-22.063517 6.742652 -8.010644 14.990435 -7.971680 -15.573159 -0.993077
-17.572285 0.994168 0.124231 14.504888 -8.566890 -11.863282 -1.019961
-20.139280 4.096770 -5.081764 14.475698 -5.672361 -13.846148 -0.958371
-20.865559 3.958246 -2.600971 17.582228 -7.428188 -16.578899 -2.382576
-18.317892 4.198020 -4.245203 13.435362 -7.810279 -12.098335 -0.875323
-29.726976 6.463604 -3.165317 24.298195 -12.211820 -23.175703 -3.410584
-16.222414 -2.118929 5.823012 12.814108 -11.593499 -8.672547 -1.150499
-20.279724 2.234155 -0.081383 16.903011 -9.286823 -13.602682 -1.940772
-18.837759 2.181053 -2.005147 14.810637 -8.606177 -13.025679 -0.511919
-19.563961 5.040986 -5.072347 14.771994 -5.706705 -16.096138 -1.863394
-15.969933 0.482724 0.840341 13.514194 -8.309448 -10.407963 -1.095215
-18.441223 4.867861 -4.139675 13.650209 -7.577966 -13.333136 -1.290223
-6.229537 0.029369 -15.135620 -3.512586 10.188114 -13.949089 -0.775799
-4.942724 0.484023 -13.238846 -3.898471 8.932408 -12.535824 -1.690437
-0.857075 -0.456461 -11.213545 -4.842030 7.984308 -10.048316 -1.814670
-3.562199 -0.041015 -13.921772 -4.711544 10.050196 -12.812160 -2.441874
-2.597885 -0.610106 -13.872982 -4.903746 9.733451 -12.098228 -1.015836
-2.498994 -1.041844 -12.411944 -3.872427 9.345723 -11.414951 -1.092751
-1.928093 -0.522881 -13.001295 -4.931734 9.515004 -11.560046 -1.531952
-4.149067 0.185662 -12.914357 -3.747560 9.043977 -11.802069 -1.552818
-4.153186 -1.253710 -12.839665 -3.474856 9.239413 -11.752791 -0.207959
-1.893989 -0.518745 -10.503576 -3.282982 7.527242 -9.619626 -0.843109
-1.566696 -1.196692 -11.138576 -3.685581 8.651621 -10.517437 -1.490179
-7.359346 -2.024604 -15.173313 -3.295795 11.005211 -14.874231 -0.191545
-1.559732 -1.022526 -11.989291 -4.479593 8.936519 -10.827917 -1.281298
-0.067468 -2.458390 -11.303923 -5.303104 8.859464 -10.102533 -0.829465
1.077992 -2.636695 -10.043190 -5.586861 7.775031 -8.400618 -0.851692
-1.409806 -1.742997 -12.556874 -5.532977 9.473909 -10.955525 -1.035730
-2.701319 -1.404605 -13.407625 -5.487453 10.122508 -12.041497 -0.852289
-3.345060 -1.274042 -13.458235 -5.113986 9.854700 -12.017962 -0.669462
-4.063633 -0.150698 -13.073039 -4.189636 8.970751 -11.565679 -0.808243
-3.096397 -0.604673 -13.360257 -4.459774 9.787703 -12.281817 -1.140538
-1.716770 -2.200431 -11.353454 -5.233399 8.914175 -10.251901 -1.232553
0.728239 -0.677568 -10.226599 -5.045260 7.435238 -8.505875 -1.724259
-3.263329 1.291419 -12.458338 -4.194009 8.342685 -11.737970 -3.228687
0.442593 -0.828744 -9.418251 -4.340670 6.886465 -7.723031 -1.577480
-0.573960 -0.922498 -9.486880 -3.930664 7.101053 -8.704101 -1.513382
-3.729201 -11.777641 2.851945 -8.787375 -12.497999 13.741305 2.153701
-4.009648 -11.496485 0.918848 -9.293380 -12.713195 14.873781 2.725863
-0.564363 -6.735877 -1.494293 -6.406271 -7.296250 10.164894 1.509434
-1.407435 -9.539556 -0.128249 -8.004107 -10.113884 12.515778 2.139212
-1.318521 -8.513792 -1.310405 -7.619888 -8.998411 11.843901 2.411673
-1.949822 -9.269864 -0.854076 -8.043468 -9.688746 12.811311 2.261857
-0.774279 -8.705016 1.142890 -5.960711 -9.731251 11.232418 1.155681
1.182633 -5.816646 -0.242445 -5.102960 -6.464865 8.627772 0.237046
-0.342052 -8.558690 1.209269 -6.683038 -8.924295 11.061852 0.624296
-1.293099 -8.002254 -0.555317 -6.468870 -8.697368 11.225822 1.776830
-0.684051 -7.966029 -1.232745 -7.109228 -8.421259 11.245958 1.898517
-2.695503 -10.408951 2.733263 -7.177292 -11.312112 12.349921 1.078023
-0.090564 -6.750344 0.338159 -5.282095 -7.325763 9.198793 0.831977
-1.814017 -9.020494 3.293309 -4.117013 -10.515317 9.808442 0.161413
0.869487 -8.387619 0.261460 -6.756316 -7.845318 10.966112 0.509115
-2.828678 -10.652490 2.717434 -5.239473 -11.521906 11.414837 1.190639
0.229147 -7.515308 0.202326 -6.471762 -7.080139 9.933967 1.049429
-1.253542 -8.823965 -1.193522 -7.861626 -8.569211 11.435723 2.430790
-4.357591 -12.720350 2.800675 -9.380303 -13.627151 14.750709 2.473552
-0.959968 -7.828071 -0.289052 -6.859545 -8.169428 10.601762 1.480339
-1.136021 -8.590407 -0.686331 -7.471671 -8.650605 11.594567 1.824583
1.348149 -7.090584 -0.977955 -7.228689 -7.893213 9.970143 1.041422
-1.762060 -10.327266 2.925144 -6.105938 -11.082916 11.777265 0.898450
-0.236292 -7.838998 1.199437 -5.869726 -8.220663 10.024384 0.476071
-2.689377 -10.608083 2.274801 -6.971678 -12.005903 12.839695 1.998935
-9.484761 -7.246577 -11.191567 -4.905901 -1.114275 1.278216 12.738404
-13.079469 -9.332438 -8.091937 -2.167622 -3.837389 -1.101536 14.064874
-9.052113 -6.527832 -7.599461 -3.437140 -2.961387 0.156874 11.164503
-7.332774 -7.389042 -6.317368 -3.517693 -2.756177 2.785325 9.908399
-5.565197 -5.423557 -8.152817 -4.308044 -0.681385 0.673240 9.514669
-6.039629 -5.850200 -7.393730 -3.193611 -1.883259 0.499536 9.544964
-8.971756 -6.131925 -7.156391 -2.365324 -3.512059 -1.306630 10.633659
-8.261631 -6.783951 -8.803987 -3.651011 -1.464235 0.326679 11.161337
-7.956025 -7.253432 -7.797013 -4.279687 -2.282068 0.887953 11.481827
-10.860331 -8.254074 -8.866436 -3.392202 -3.736818 1.718759 12.549675
-9.568559 -8.362679 -7.140464 -3.704103 -3.564559 1.304914 11.809709
-5.927184 -3.397446 -8.039844 -2.321911 -0.114895 -0.617953 7.247182
-7.693130 -7.353389 -8.639504 -4.284367 -1.993198 1.525906 11.537805
-8.296485 -7.299987 -9.685571 -5.118978 -1.619707 1.699837 12.127860
-8.196885 -6.785806 -6.828026 -1.779245 -3.336581 -0.493891 10.157801
-8.163436 -4.638280 -9.496037 -2.393736 -0.596903 -1.355224 9.582835
-6.836380 -6.238425 -9.189688 -4.524809 -1.533515 0.995555 10.921055
-7.348223 -6.251931 -9.380280 -4.035781 0.191616 -0.539299 10.956873
-6.956523 -3.889908 -9.226399 -2.004152 -2.305534 0.480061 8.036074
-8.190373 -7.872607 -7.011689 -4.073673 -3.129239 1.017084 11.356727
-12.057806 -10.180593 -6.166571 -3.164907 -6.619137 2.450292 13.095450
-7.231472 -5.709906 -7.480587 -3.127230 -2.732806 1.307034 9.448348
-9.257791 -7.329905 -8.019230 -1.640270 -1.687854 -0.321577 10.407011
-9.956318 -8.540052 -8.369172 -4.472436 -2.797804 2.198701 12.479828
-10.228379 -7.630038 -9.678028 -3.080443 -1.403827 0.371585 12.175518
-16.176096 13.691025 -15.301464 3.874273 0.877293 -17.138245 -5.119693
-18.520393 16.313955 -17.264986 5.251064 -0.468181 -19.029106 -6.707164
-21.667633 17.890596 -21.436752 4.205615 2.928303 -23.363577 -6.577533
-21.132696 17.884357 -18.974102 5.589959 0.014051 -21.323196 -6.937098
-20.818188 17.411592 -19.757093 5.118252 0.927975 -21.611235 -6.701531
-19.946671 17.595049 -19.369747 4.583105 0.604258 -20.779175 -6.739345
-19.498852 16.044968 -19.174744 3.941019 0.762390 -20.130457 -5.746196
-23.804705 20.986742 -22.220394 5.719274 -1.087016 -23.586208 -7.504288
-15.100635 13.487817 -15.617683 3.388186 1.094335 -16.488640 -5.184518
-8.960569 6.620357 -12.218167 0.145948 4.188315 -12.193851 -2.650115
-22.726458 19.059910 -21.229305 4.713831 1.303984 -22.906267 -7.093056
-13.184251 13.269619 -14.586414 2.305694 1.200359 -15.249682 -4.913307
-18.082394 15.551046 -16.560841 4.530055 0.374139 -17.800062 -6.128564
-22.343687 18.884081 -21.091419 5.553433 0.844731 -22.957655 -7.524023
-22.937033 20.433649 -20.315567 6.290853 -0.286380 -23.594946 -8.503219
-18.205790 16.845798 -17.071083 4.882799 -0.212613 -18.839741 -6.696327
-16.339190 15.795444 -17.110607 3.555969 -0.650428 -17.388657 -5.593737
-23.651751 20.745577 -22.884058 4.988973 1.152013 -25.047762 -7.691442
-15.139124 14.291743 -15.826456 3.520515 -0.393732 -16.830322 -5.339428
-15.717709 14.190458 -15.864009 4.108607 -1.345520 -16.178347 -4.876087
-19.715324 18.389519 -19.935089 4.791882 -0.543848 -20.569180 -6.598963
-18.924717 16.856588 -17.562078 5.436444 -0.670258 -19.115883 -7.056515
-11.617193 10.364165 -12.060275 2.775130 0.439683 -12.682846 -4.107565
-18.710556 17.206612 -19.263050 3.918916 0.868379 -19.977674 -6.461981
-19.325111 17.579102 -19.513342 4.602543 -0.358834 -20.447798 -6.403374
-9.084886 -11.458097 16.733759 4.161584 -16.035803 2.476868 -4.092536
-4.410369 -7.965769 11.127550 2.094755 -11.044203 2.689101 -3.224206
-9.093015 -11.054161 16.815870 5.379072 -15.995492 1.485784 -4.011065
-7.507295 -9.578530 13.452135 3.084805 -13.534495 2.377795 -3.012465
-9.782807 -13.439021 15.141795 1.271280 -18.216320 6.538645 -1.979143
-5.584862 -9.606359 13.020131 1.808458 -13.077906 3.614817 -2.827837
-7.139252 -11.486714 13.647493 0.539300 -15.428568 5.737377 -2.625995
-5.593674 -8.762526 11.726999 1.569884 -12.180077 3.763360 -2.731942
-9.288798 -11.666357 16.846891 4.447390 -16.835917 2.920674 -3.950600
-4.697649 -7.391634 10.942627 3.025796 -10.247848 1.349574 -2.585452
-7.317078 -10.861692 15.907882 3.558002 -14.898288 2.639617 -4.489348
-6.365707 -10.125164 14.519477 2.268244 -14.043762 3.768017 -3.705338
-5.302667 -9.120831 14.087114 2.248347 -12.459024 2.988065 -4.551696
-5.101500 -8.307728 13.139127 3.502417 -11.542050 1.644604 -4.197365
-8.213257 -10.627311 15.224682 3.548600 -15.661582 2.847953 -4.343350
-10.114701 -14.010038 17.452484 1.905851 -19.469936 6.466527 -3.473414
-6.022566 -9.970742 13.995326 2.832279 -13.641021 3.104770 -4.117477
-5.244841 -8.638712 10.947960 1.111762 -11.368622 3.824281 -2.400628
-3.726348 -7.265714 10.939509 2.373231 -9.904119 2.113214 -2.998495
-5.598857 -9.409214 14.312472 3.132223 -13.062444 2.485899 -4.044254
-7.514611 -10.367383 13.630840 2.413701 -14.468524 3.594102 -3.069988
-7.962127 -11.027421 15.746565 3.764953 -15.410271 2.885477 -3.938174
-7.825926 -10.904389 13.053755 1.395078 -15.148320 4.655973 -2.817127
-9.390549 -12.370370 17.958916 4.729945 -17.537186 2.666776 -4.668724
-9.958145 -12.786516 20.139561 6.067309 -18.027884 1.627100 -5.845991
-19.378515 4.902274 -6.017672 13.595710 -7.420364 -12.572132 -0.487441
-14.687136 -1.102885 3.711695 12.417423 -10.133169 -8.342988 -0.644239
-23.360451 4.992881 -5.678470 17.401466 -8.439096 -15.974394 -1.259695
-19.664085 3.759974 -5.597807 13.735256 -5.748590 -14.943295 0.109325
-14.478664 -3.077895 4.850801 11.177993 -9.940205 -6.780699 -0.387382
-13.102757 1.555542 0.196550 11.529987 -6.658298 -9.739923 -1.102947
-18.827988 3.052171 -0.905347 15.704490 -10.170030 -12.982600 -2.018881
-17.116856 0.167579 1.038566 14.688526 -8.701077 -12.367993 -1.269655
-21.523270 3.151261 -3.777432 15.976193 -9.764613 -13.084449 -0.635026
-19.142551 1.035120 -0.141441 15.881206 -8.812735 -13.283683 -0.634910
-16.152372 -0.961266 4.034769 14.156573 -11.129922 -9.849183 -1.766866
-16.511168 -0.065436 0.503910 13.129524 -7.955536 -10.642711 0.008178
-25.031849 2.767368 0.996532 20.578363 -12.882130 -16.507399 -2.974260
-16.794336 1.560866 -0.641993 13.445018 -7.872946 -11.573647 -0.855763
-15.729576 2.361558 -1.846020 13.082129 -5.529338 -12.644779 -1.350741
-15.798545 2.156434 -2.366062 11.829975 -6.634824 -10.968699 -0.479656
-21.255959 1.665092 0.521421 17.505003 -10.372348 -14.657176 -1.886295
-22.974463 0.182555 -3.124774 16.636047 -9.008747 -14.619593 1.113460
-21.853010 2.680477 -3.935234 16.602747 -8.044361 -14.281693 -0.900095
-13.207817 -0.689349 2.276162 11.018938 -6.858694 -8.660035 -1.105410
-19.452972 -0.194994 2.538197 16.349184 -10.612023 -12.948610 -0.976977
-23.408157 1.763333 1.306945 19.538481 -11.802058 -15.631369 -1.820961
-21.630806 4.576897 -2.034659 17.408560 -9.364979 -16.236818 -1.711369
-16.972490 -0.394916 1.194079 12.652563 -11.000853 -7.939185 -0.303808
-22.246948 5.396874 -5.645983 16.303345 -9.518834 -15.224563 -0.877716
-4.824001 0.011756 -14.243644 -3.169812 9.866520 -13.701730 -1.003142
-4.678532 -1.262932 -14.304326 -4.702183 10.435149 -13.181437 -0.703091
-6.281084 2.128033 -16.068521 -3.349327 9.888944 -14.858685 -1.551242
-3.534075 -1.675584 -12.907392 -4.239299 9.473724 -11.393682 0.039474
-4.473656 -0.781066 -16.432489 -4.391276 11.519310 -14.319546 -0.232486
-4.661033 -0.301572 -12.577167 -2.798693 8.326677 -12.406924 -0.578760
-4.375200 -0.709030 -14.862421 -3.860542 10.222010 -13.212672 -0.200108
-3.144536 -0.499621 -13.349289 -3.629323 9.505970 -12.354435 -0.859075
-3.776567 0.524150 -14.707933 -4.271577 9.789208 -13.220776 -0.807637
-0.148766 -1.586230 -9.255023 -4.856051 7.013372 -8.000827 -0.566207
-1.299464 -2.047636 -12.214925 -4.441494 9.408966 -10.779821 -0.653282
-1.768605 -1.369503 -12.536477 -5.245253 9.573946 -10.979605 -1.332959
-7.408133 0.876951 -19.581264 -4.537348 13.295661 -18.064152 -1.459312
-3.296796 0.261820 -13.473657 -4.357129 9.221270 -11.784624 -0.989877
-5.124380 1.089365 -13.760775 -3.966161 9.057922 -12.653955 -1.585787
-2.705112 -0.787869 -12.646070 -4.507943 9.312937 -11.585443 -2.141627
-5.315895 1.157751 -15.688250 -4.454211 10.481803 -13.956558 -1.842573
-3.423496 -0.185397 -12.925523 -4.804728 9.257329 -11.385076 -1.149373
-0.739266 -1.088796 -9.982238 -3.697817 7.216439 -8.783311 -0.320594
-2.333866 -0.892624 -12.628273 -3.611745 9.065199 -10.933358 -0.357074
-2.050991 0.765385 -11.958524 -4.049137 8.182320 -10.315669 -1.551904
-4.064816 -0.457629 -15.020758 -3.884799 10.628591 -13.682793 -0.968166
-4.240474 -0.403010 -16.367277 -4.372113 11.541183 -14.540304 -0.823745
-3.658464 -0.048092 -11.413963 -4.064779 8.001444 -10.144834 -0.459780
-1.055952 -2.474474 -12.840666 -4.918891 9.804982 -11.312819 -0.578551
-2.840141 -11.182673 2.579515 -8.284622 -11.875540 13.176888 1.553590
-1.843258 -9.893642 1.938152 -7.707983 -10.388857 12.033867 1.253140
-5.392170 -10.791359 2.487714 -6.400655 -12.038636 11.859914 2.010955
-1.328802 -7.969179 0.051850 -6.432401 -8.449164 10.744840 1.310674
-1.096119 -8.368826 0.261927 -6.541661 -8.841462 11.236532 1.157887
-3.919320 -10.872020 3.254324 -6.652210 -11.790251 12.279586 0.702601
-2.001738 -8.259030 -1.026699 -6.680366 -10.103570 11.224025 2.723171
-1.905140 -9.743107 1.710417 -7.561076 -11.367138 12.270103 1.856844
-3.000957 -10.904084 2.241542 -6.664017 -12.502295 11.936354 2.124795
-2.784692 -9.834977 2.286613 -7.542319 -11.935317 12.268696 1.362748
-1.732498 -8.639205 1.001924 -6.836733 -11.234803 11.858706 1.612872
-2.342442 -10.232330 2.925669 -7.419897 -10.614681 11.878018 1.009613
-1.497639 -10.176982 2.157845 -7.700153 -11.343513 12.742113 0.883801
-3.953045 -7.847489 -0.048589 -4.539002 -11.848680 11.254968 0.970430
-3.656453 -9.738050 2.215075 -6.054358 -13.846395 11.872157 1.194087
-0.731618 -8.809781 2.197165 -6.222474 -9.381357 10.532566 0.560980
-3.151243 -10.581979 1.241550 -8.129275 -11.582221 12.908477 2.323549
-2.372919 -9.907887 2.372088 -7.246428 -10.542691 11.687239 1.344565
-3.885463 -11.999423 5.679831 -6.336144 -13.723196 11.958604 0.365234
-2.461686 -10.146876 3.245025 -6.979082 -10.681623 11.554297 1.111719
-3.352102 -10.281955 1.657424 -7.116260 -11.270451 12.618297 1.842441
-3.340080 -11.602656 4.955647 -6.633728 -11.985374 11.399973 0.563438
-1.723397 -10.210777 1.022639 -8.508113 -11.690335 13.193613 1.930642
-1.905482 -9.731488 3.093177 -6.465244 -10.037541 11.217529 0.586740
-0.171380 -8.177113 1.937355 -6.334990 -8.723818 10.059208 0.222335
-8.629932 -6.247350 -9.212336 -2.642004 -0.998793 -2.586120 11.646765
-7.867633 -4.883091 -8.408602 -2.878557 -0.897770 -1.224926 9.497397
-9.383577 -7.777056 -8.298723 -3.487589 -3.183430 1.185894 12.338005
-5.584179 -4.514303 -6.646602 -2.463209 -0.542203 -1.489603 8.105595
-4.546432 -3.912682 -3.542637 -0.050564 -1.145040 -1.148947 4.193763
-6.877819 -3.825194 -8.938156 -2.203041 -0.038134 -3.082626 8.500130
-7.010270 -6.187948 -8.866642 -3.983193 0.235044 0.187376 9.813087
-3.903164 -7.139853 -8.679213 -5.946638 -1.701707 1.885368 9.155089
-6.801708 -6.405960 -5.882699 -2.717959 -2.066249 1.195786 9.046679
-8.916840 -5.684426 -9.129784 -0.747131 -1.802851 -3.313426 10.594110
-7.216918 -6.037200 -9.128477 -2.788804 -1.669912 -1.428185 11.187324
-7.102781 -5.961820 -8.064009 -3.424502 -0.554434 -1.522772 10.562551
-7.897565 -7.262942 -9.527324 -3.476343 -0.678847 -0.213188 11.505619
-8.047908 -5.852118 -7.372288 -2.349078 -0.536737 -1.140708 9.536394
-5.912022 -7.139000 -6.483757 -3.627068 -2.432592 0.721067 9.908862
-9.362911 -8.007507 -6.888358 -2.527705 -5.278056 1.744082 11.171750
-7.472679 -5.770787 -9.100547 -1.917907 -0.118689 -2.893575 10.561523
-9.142826 -6.717599 -9.870068 -3.487533 -1.059259 -0.749911 12.060915
-8.250967 -8.655704 -4.440869 -2.032202 -3.815763 2.007702 9.832893
-6.310135 -6.463609 -6.863195 -3.045055 -1.310074 1.150397 9.060715
-5.954971 -5.879553 -5.259590 -2.443237 -2.428276 -0.009476 8.569627
-7.827281 -5.147337 -8.148209 -1.414877 -0.216196 -3.459877 9.231169
-5.109680 -3.245867 -7.753908 -2.106329 -1.260076 -1.244127 7.309038
-8.416251 -7.213945 -6.810620 -3.542398 -3.741980 1.625902 10.635392
-8.376706 -6.412992 -6.364785 -2.132913 -3.062511 -0.290933 9.854918
