7.343140 -6.615841 -3.254815 -12.129556 -4.063126 -2.316826 -5.120681
7.275651 -6.599306 -3.175944 -12.078425 -4.189473 -2.155398 -5.104331
7.295650 -6.500757 -3.453740 -12.155126 -3.647263 -2.610990 -4.992403
7.367217 -6.758396 -3.137583 -12.235841 -4.285534 -2.185258 -5.205917
7.342815 -6.664557 -3.209097 -12.155960 -4.149124 -2.270539 -5.172964
7.367217 -6.758396 -3.137583 -12.235841 -4.285534 -2.185258 -5.205917
7.312691 -6.512056 -3.334126 -12.043190 -3.917858 -2.441830 -5.056950
7.260880 -6.590631 -3.166176 -12.067801 -4.205060 -2.125517 -5.098391
7.367217 -6.758396 -3.137583 -12.235841 -4.285534 -2.185258 -5.205917
7.367217 -6.758396 -3.137583 -12.235841 -4.285534 -2.185258 -5.205917
7.367217 -6.758396 -3.137583 -12.235841 -4.285534 -2.185258 -5.205917
7.367217 -6.758396 -3.137583 -12.235841 -4.285534 -2.185258 -5.205917
7.367217 -6.758396 -3.137583 -12.235841 -4.285534 -2.185258 -5.205917
7.367217 -6.758396 -3.137583 -12.235841 -4.285534 -2.185258 -5.205917
7.274183 -6.602384 -3.355895 -12.108145 -3.796302 -2.424173 -4.973838
7.367217 -6.758396 -3.137583 -12.235841 -4.285534 -2.185258 -5.205917
7.378611 -6.709997 -3.205660 -12.224969 -4.155043 -2.268619 -5.143841
7.073575 -6.458695 -2.979808 -11.752264 -4.008684 -2.213637 -5.080553
7.367217 -6.758396 -3.137583 -12.235841 -4.285534 -2.185258 -5.205917
7.356911 -6.697494 -3.158120 -12.176916 -4.218057 -2.185440 -5.161724
7.327082 -6.569845 -3.286673 -12.089715 -4.002140 -2.364284 -5.104182
7.367217 -6.758396 -3.137583 -12.235841 -4.285534 -2.185258 -5.205917
7.367217 -6.758396 -3.137583 -12.235841 -4.285534 -2.185258 -5.205917
7.367217 -6.758396 -3.137583 -12.235841 -4.285534 -2.185258 -5.205917
7.367217 -6.758396 -3.137583 -12.235841 -4.285534 -2.185258 -5.205917
7.367217 -6.758396 -3.137583 -12.235841 -4.285534 -2.185258 -5.205917
7.367217 -6.758396 -3.137583 -12.235841 -4.285534 -2.185258 -5.205917
7.367217 -6.758396 -3.137583 -12.235841 -4.285534 -2.185258 -5.205917
7.238333 -6.588073 -2.897825 -11.855799 -4.126494 -2.282545 -5.220089
7.367217 -6.758396 -3.137583 -12.235841 -4.285534 -2.185258 -5.205917
7.237738 -6.487057 -3.346599 -12.000746 -3.815222 -2.500595 -4.959542
7.367217 -6.758396 -3.137583 -12.235841 -4.285534 -2.185258 -5.205917
7.371521 -6.710344 -3.187489 -12.209183 -4.187241 -2.247064 -5.153341
7.367217 -6.758396 -3.137583 -12.235841 -4.285534 -2.185258 -5.205917
7.367217 -6.758396 -3.137583 -12.235841 -4.285534 -2.185258 -5.205917
7.363989 -6.702308 -3.172472 -12.190866 -4.202567 -2.215346 -5.157235
7.367217 -6.758396 -3.137583 -12.235841 -4.285534 -2.185258 -5.205917
7.157416 -6.757181 -3.237671 -12.220969 -4.107385 -2.119838 -4.968222
7.367217 -6.758396 -3.137583 -12.235841 -4.285534 -2.185258 -5.205917
7.367217 -6.758396 -3.137583 -12.235841 -4.285534 -2.185258 -5.205917
7.342488 -6.668832 -3.206617 -12.160863 -4.160024 -2.263333 -5.175523
7.367217 -6.758396 -3.137583 -12.235841 -4.285534 -2.185258 -5.205917
7.165407 -6.330927 -3.186368 -11.909294 -4.141830 -2.281281 -5.220719
7.367217 -6.758396 -3.137583 -12.235841 -4.285534 -2.185258 -5.205917
7.322567 -6.692482 -3.265656 -12.231140 -4.009511 -2.409367 -5.098004
7.367217 -6.758396 -3.137583 -12.235841 -4.285534 -2.185258 -5.205917
7.408160 -6.658856 -3.267473 -12.177081 -3.993526 -2.399359 -5.133895
7.367217 -6.758396 -3.137583 -12.235841 -4.285534 -2.185258 -5.205917
7.355889 -6.634304 -3.248969 -12.144644 -4.072150 -2.319947 -5.133465
7.367217 -6.758396 -3.137583 -12.235841 -4.285534 -2.185258 -5.205917
7.343070 -6.673511 -3.202795 -12.164662 -4.168118 -2.257731 -5.176909
7.367217 -6.758396 -3.137583 -12.235841 -4.285534 -2.185258 -5.205917
7.367217 -6.758396 -3.137583 -12.235841 -4.285534 -2.185258 -5.205917
7.367217 -6.758396 -3.137583 -12.235841 -4.285534 -2.185258 -5.205917
7.392026 -6.787355 -3.148538 -12.244587 -4.277608 -2.178301 -5.166704
7.367217 -6.758396 -3.137583 -12.235841 -4.285534 -2.185258 -5.205917
7.367217 -6.758396 -3.137583 -12.235841 -4.285534 -2.185258 -5.205917
7.367217 -6.758396 -3.137583 -12.235841 -4.285534 -2.185258 -5.205917
7.340853 -6.670007 -3.203451 -12.161032 -4.165570 -2.257868 -5.175039
7.367217 -6.758396 -3.137583 -12.235841 -4.285534 -2.185258 -5.205917
7.367217 -6.758396 -3.137583 -12.235841 -4.285534 -2.185258 -5.205917
7.367217 -6.758396 -3.137583 -12.235841 -4.285534 -2.185258 -5.205917
7.378038 -6.711261 -3.205902 -12.222392 -4.160745 -2.277788 -5.143497
7.367217 -6.758396 -3.137583 -12.235841 -4.285534 -2.185258 -5.205917
7.367217 -6.758396 -3.137583 -12.235841 -4.285534 -2.185258 -5.205917
7.367217 -6.758396 -3.137583 -12.235841 -4.285534 -2.185258 -5.205917
7.367217 -6.758396 -3.137583 -12.235841 -4.285534 -2.185258 -5.205917
7.371788 -6.757020 -3.127504 -12.245874 -4.257391 -2.222234 -5.218736
7.367217 -6.758396 -3.137583 -12.235841 -4.285534 -2.185258 -5.205917
7.367217 -6.758396 -3.137583 -12.235841 -4.285534 -2.185258 -5.205917
7.367217 -6.758396 -3.137583 -12.235841 -4.285534 -2.185258 -5.205917
7.367217 -6.758396 -3.137583 -12.235841 -4.285534 -2.185258 -5.205917
7.367217 -6.758396 -3.137583 -12.235841 -4.285534 -2.185258 -5.205917
7.367217 -6.758396 -3.137583 -12.235841 -4.285534 -2.185258 -5.205917
7.417425 -6.677390 -3.218946 -12.192044 -4.040221 -2.401854 -5.214300
7.350056 -6.609196 -3.270242 -12.120638 -4.029919 -2.369872 -5.126442
7.365153 -6.656125 -3.194090 -12.209095 -4.154206 -2.265359 -5.144902
6.920887 -6.505985 -3.297710 -12.146847 -3.831012 -2.235110 -4.992686
6.883826 -6.547514 -3.077204 -11.864344 -4.050111 -2.196836 -4.885151
7.148956 -6.719507 -2.917443 -11.918773 -4.380077 -2.009196 -5.092492
7.179156 -6.497581 -3.093666 -11.972190 -4.123278 -2.138548 -5.144724
7.367217 -6.758396 -3.137583 -12.235841 -4.285534 -2.185258 -5.205917
7.257751 -6.589465 -3.284447 -12.052391 -4.092974 -2.166915 -4.997562
7.367217 -6.758396 -3.137583 -12.235841 -4.285534 -2.185258 -5.205917
7.367217 -6.758396 -3.137583 -12.235841 -4.285534 -2.185258 -5.205917
7.367217 -6.758396 -3.137583 -12.235841 -4.285534 -2.185258 -5.205917
7.371170 -6.709719 -3.186393 -12.208609 -4.187343 -2.243208 -5.153790
7.367217 -6.758396 -3.137583 -12.235841 -4.285534 -2.185258 -5.205917
7.367217 -6.758396 -3.137583 -12.235841 -4.285534 -2.185258 -5.205917
7.300611 -6.791441 -3.054838 -12.161083 -4.364497 -2.092709 -5.159022
7.135902 -6.542696 -2.893405 -11.716184 -4.135256 -2.226023 -5.114791
7.367217 -6.758396 -3.137583 -12.235841 -4.285534 -2.185258 -5.205917
7.367217 -6.758396 -3.137583 -12.235841 -4.285534 -2.185258 -5.205917
7.367217 -6.758396 -3.137583 -12.235841 -4.285534 -2.185258 -5.205917
7.367217 -6.758396 -3.137583 -12.235841 -4.285534 -2.185258 -5.205917
7.367217 -6.758396 -3.137583 -12.235841 -4.285534 -2.185258 -5.205917
7.367217 -6.758396 -3.137583 -12.235841 -4.285534 -2.185258 -5.205917
7.367217 -6.758396 -3.137583 -12.235841 -4.285534 -2.185258 -5.205917
7.367217 -6.758396 -3.137583 -12.235841 -4.285534 -2.185258 -5.205917
7.367217 -6.758396 -3.137583 -12.235841 -4.285534 -2.185258 -5.205917
-10.194441 14.595987 -21.041016 1.810839 -4.226997 -20.837021 -10.372329
-7.822765 11.425677 -15.696534 2.218305 -3.615154 -16.833071 -9.281219
-6.109454 9.358797 -15.711412 -2.755366 1.812016 -16.995628 -7.322556
-7.182987 8.803939 -14.745742 -1.332515 0.818179 -15.243505 -6.189023
-5.587681 7.823773 -17.165892 -7.132849 5.792245 -18.863697 -6.508191
-5.005983 9.430642 -13.173736 -0.510930 -1.916994 -13.733351 -7.689404
-18.730555 23.492868 -31.680855 9.030392 -13.381492 -31.621590 -19.496197
-12.154610 15.706022 -21.169044 5.142581 -7.408686 -21.629353 -12.991646
-4.993121 9.693414 -13.746452 -1.125951 -1.273388 -14.450604 -7.914021
-10.660155 13.618982 -19.177868 2.688167 -4.396989 -20.002529 -11.051434
-3.674469 8.258347 -12.707682 -3.780880 -0.757337 -12.931425 -7.299089
-5.365397 9.203339 -15.039475 -4.104777 0.824788 -16.239460 -7.656086
-8.105680 12.419681 -18.660566 -1.728441 -1.597969 -18.324217 -9.288379
-9.740106 11.709852 -18.637466 0.666076 -1.111267 -19.675474 -8.584171
-6.342338 10.752583 -16.508114 -2.820566 1.043412 -17.536678 -8.346519
-7.664615 9.765888 -17.041056 -1.577892 1.771508 -17.959524 -6.727725
-18.860689 22.596767 -31.641453 8.695539 -13.312987 -30.961424 -17.661697
-9.978340 13.144309 -19.028566 1.473055 -2.134147 -20.572689 -10.417279
-14.911704 19.265966 -26.813143 3.422523 -6.641095 -26.719963 -14.821811
-14.824959 18.282808 -25.433996 4.020650 -8.351339 -24.243114 -13.965399
-10.838998 15.260018 -21.401985 0.597228 -3.538575 -21.735613 -11.317511
-9.008065 13.498349 -19.052553 -0.861752 -1.698432 -20.080254 -10.624904
-10.410236 14.972978 -20.926153 1.789784 -4.556752 -20.955284 -11.150443
-13.524783 17.470633 -26.174198 -0.175752 -1.622424 -27.032654 -13.199864
-13.488880 17.739027 -25.432699 1.567267 -4.344897 -25.295259 -13.122572
-7.597217 10.582042 -15.130137 -0.117642 -0.657422 -16.716866 -8.568419
-6.126805 10.442170 -15.018473 -1.236102 -2.205278 -15.274760 -8.961071
-7.824884 12.253334 -17.241385 0.162518 -2.137847 -18.540171 -9.775187
-10.983682 16.355101 -22.694109 0.310789 -3.834928 -22.841682 -12.800194
-12.426328 15.061737 -22.806404 0.595760 -1.558545 -23.823267 -10.385428
-6.242803 10.783615 -15.337185 -1.300313 -2.977491 -14.584759 -8.467939
-7.574460 12.371769 -16.323416 1.397444 -5.012205 -16.429798 -10.116139
-6.289120 11.131951 -15.601594 -1.361469 -2.765064 -15.245046 -8.943670
-5.473097 9.600814 -13.612554 -1.108337 -1.469444 -14.290903 -7.727012
-5.737563 10.472459 -15.601585 -0.653739 -2.998502 -14.664711 -8.223713
-10.184680 15.028792 -21.138071 3.127498 -8.879367 -19.505310 -11.596726
-8.055515 12.914087 -17.856148 -0.170181 -4.444689 -17.534157 -10.706147
-9.643559 14.001287 -18.594307 1.408101 -4.561144 -19.406151 -11.685312
-4.205683 7.983533 -11.805066 -0.430937 -1.082136 -12.961115 -6.138495
-6.931060 10.320467 -15.061315 1.174018 -3.553045 -14.603990 -7.489892
-16.757240 19.874268 -29.381220 4.766688 -6.057597 -29.896866 -14.303014
-13.707006 16.616545 -24.996897 1.483814 -2.532662 -25.414997 -12.639862
-17.385427 20.594995 -29.689808 3.930838 -6.237943 -29.792831 -15.349379
-19.461800 17.315817 -31.623632 3.537425 -1.514632 -31.517994 -10.337709
-8.791855 12.304481 -17.953571 0.967685 -2.215177 -18.908407 -9.083774
-11.036814 14.809630 -21.229235 1.007716 -2.355940 -22.236324 -11.267207
-11.777644 15.993046 -22.329800 1.467894 -3.042431 -23.338741 -12.394157
-17.192371 21.323809 -29.273785 5.293083 -8.272136 -29.171242 -16.533857
-7.600552 11.559087 -18.173040 -1.756450 -0.758133 -17.790281 -8.175184
-9.589832 13.776228 -19.184326 0.722664 -3.135681 -19.740164 -10.829980
-17.268810 -19.564022 14.184807 -2.390399 -20.491430 -2.528963 -10.191671
-10.799058 -12.889695 7.199009 -1.667816 -14.198069 0.403695 -4.907740
-14.298617 -17.043911 12.259483 -1.631689 -17.962147 -1.390531 -8.485856
-22.078493 -21.954662 16.644800 0.718803 -22.338945 -5.821108 -12.991666
-9.820556 -13.147416 9.078867 -2.615064 -13.538434 -1.002218 -6.824111
-11.661789 -13.402145 10.443413 -0.803600 -14.142859 -3.081995 -9.137776
-12.146081 -16.719797 9.819045 -3.936950 -19.048874 2.243542 -6.277105
-14.826077 -18.128658 11.214371 -3.124368 -20.374777 1.251131 -6.719397
-20.908543 -21.990034 15.281779 0.047444 -23.451265 -2.335760 -10.730340
-18.462593 -19.593950 13.369540 -0.627549 -21.714180 -1.780088 -9.686572
-14.366034 -16.337126 12.217723 -0.928337 -16.260983 -3.128462 -9.024253
-12.118993 -14.911176 9.622412 -2.732457 -17.287600 1.235853 -7.023809
-16.509459 -20.039932 12.578387 -3.923068 -21.442734 1.267737 -7.415941
-26.132679 -24.605789 18.414076 1.985456 -25.153336 -7.157668 -14.769987
-23.285246 -24.776030 16.796160 -1.545491 -26.524649 -1.903382 -11.099165
-17.370062 -17.848131 10.052935 -0.237445 -18.418585 -0.744481 -5.826390
-9.557131 -13.969823 8.717906 -4.457537 -14.762581 0.571838 -6.319171
-12.390288 -13.737514 10.605282 -1.299325 -14.831841 -2.888380 -9.134046
-15.847875 -18.512703 13.077482 -1.649230 -19.771252 -1.051526 -9.049509
-22.205839 -22.302036 16.542599 0.870709 -22.892288 -4.598001 -12.494130
-13.434093 -15.976810 12.394351 -1.101908 -16.073471 -3.658604 -9.763019
-14.415435 -15.393766 11.913011 -0.241678 -16.515882 -4.061708 -10.546533
-14.083021 -17.029419 11.605699 -2.009304 -17.887197 -0.808868 -7.675150
-18.441221 -18.596256 14.451640 0.306225 -20.468250 -4.491874 -12.534437
-10.034495 -14.080916 8.836953 -3.324657 -15.351375 1.018090 -6.211269
-18.294464 -20.307550 14.328818 -1.714083 -22.209110 -1.199283 -9.514746
-16.939386 -18.442406 13.889441 -0.812375 -19.239801 -3.352771 -10.778916
-20.893917 -21.169046 14.986818 0.499292 -23.527910 -3.155066 -11.676133
-15.618030 -19.271917 11.509949 -4.184843 -20.260298 1.511219 -6.690860
-10.898108 -14.117084 8.236506 -3.883560 -14.968068 1.190783 -5.469772
-9.403638 -12.997225 9.265698 -2.018199 -14.058602 -0.805948 -7.408219
-15.744015 -18.529560 11.559548 -2.360596 -20.271698 0.598140 -7.423489
-20.785156 -22.948650 13.803413 -2.465832 -24.468691 0.521153 -8.650126
-18.262705 -19.594135 13.360613 -0.870355 -21.119675 -1.465462 -9.179016
-14.208509 -17.155861 11.532795 -2.217204 -17.953159 -0.698171 -7.796401
-20.957624 -21.291380 15.681227 0.721557 -22.631918 -4.266629 -12.057727
-13.872656 -16.362980 11.476340 -1.045249 -17.410463 -1.276461 -8.511466
-19.777168 -20.552008 15.645952 0.148169 -22.420012 -4.230558 -12.719434
-12.943170 -16.469578 11.143664 -2.504844 -18.282625 -0.018611 -7.699180
-18.013367 -18.699989 13.970695 0.526048 -19.635265 -3.897705 -10.991214
-21.264809 -22.127657 16.274437 -0.308838 -23.664402 -4.548166 -12.800596
-24.684681 -22.383198 17.104136 3.018308 -25.774126 -6.965300 -15.533057
-13.571626 -15.482563 11.993608 -1.013976 -16.791576 -3.264537 -10.574882
-16.527790 -16.433548 13.660587 0.703621 -17.764244 -6.743333 -13.135325
-9.571033 -12.391172 10.156191 -0.505770 -12.464916 -4.804425 -9.626504
-7.730299 -9.874540 8.113946 -0.747198 -10.005270 -4.099445 -8.168108
-6.092337 -10.451406 7.200849 -3.116489 -11.100649 -0.679424 -6.548424
-6.714413 -10.222740 6.770682 -2.700537 -10.842762 -0.847650 -6.180938
-14.193076 -16.536320 11.109587 -1.129157 -18.357260 -1.002360 -8.097478
-18.500408 -18.958601 13.801752 0.454024 -20.523890 -3.805429 -10.947748
-23.268152 -5.890383 -4.452496 17.897188 -19.538733 -13.260836 -9.199046
-27.834452 -2.846224 -12.319870 21.536160 -20.341534 -17.292164 -7.535807
-23.097086 -2.267867 -8.939522 18.035826 -15.947812 -15.465138 -7.573741
-26.945675 -2.650625 -10.107161 21.169327 -18.594025 -17.298441 -8.394715
-26.922977 -7.171379 -6.996427 18.568068 -21.355429 -11.341542 -7.733347
-21.355330 -5.686539 -5.221014 13.863788 -14.697593 -9.941197 -4.797233
-12.769899 -0.740475 -6.361308 10.303864 -8.367466 -9.670330 -3.609050
-25.176420 -4.358267 -7.363447 18.788778 -18.114496 -14.221101 -8.717752
-9.861977 -2.151792 -5.325330 6.944667 -7.711424 -4.977019 -2.242887
-23.879616 -9.632379 -1.634903 15.674860 -18.446356 -10.302382 -7.044104
-33.289822 -10.625047 -2.286397 23.460299 -24.035988 -18.531481 -12.728262
-23.932827 -6.389542 -5.905009 14.473912 -13.984579 -11.760345 -4.000858
-16.123512 5.734627 -14.419846 14.010141 -10.859983 -16.087980 -6.443729
-17.856979 -1.932290 -8.694977 12.359601 -12.568975 -9.942682 -3.641639
-19.407921 -3.653486 -6.786131 14.880371 -17.912022 -8.945521 -7.365304
-25.148727 -6.935008 -6.099069 17.979397 -18.927105 -12.309937 -7.350906
-19.080257 1.274357 -11.153881 16.383541 -15.283537 -13.823237 -7.871578
-28.315723 -8.449718 -8.355265 14.107275 -18.605526 -9.351229 -1.452590
-19.969166 -4.890212 -7.292879 13.526060 -16.087690 -8.272403 -3.914380
-28.980635 -10.518541 -4.959653 17.379889 -21.813601 -9.919620 -5.290725
-19.493313 -6.278798 -3.469833 12.532401 -12.008269 -9.991789 -4.168649
-25.338392 -2.806962 -9.555541 19.245850 -18.817175 -15.457585 -7.845463
-16.575449 -1.591293 -7.831501 11.535570 -14.439623 -7.646020 -4.830291
-28.484550 -8.240953 -5.250842 19.224518 -20.948181 -12.199571 -8.021096
-12.876643 0.249438 -7.947495 9.376989 -7.906643 -9.442018 -2.858510
-21.219147 -3.245808 -7.281026 15.323406 -14.425310 -12.118647 -5.445779
-21.876019 1.040284 -13.072680 16.152990 -15.719202 -14.229262 -6.238078
-16.109018 1.257787 -9.996654 11.688265 -10.871948 -10.377268 -3.816343
-23.428226 2.836773 -15.916421 20.291651 -16.606060 -18.569347 -7.744162
-24.981476 -5.819483 -7.992548 14.943966 -14.103214 -12.796776 -2.488374
-22.095325 -4.395128 -9.829007 13.678432 -16.673822 -9.694002 -2.982471
-30.171623 -2.021378 -12.794104 22.806162 -21.825640 -18.479536 -9.386481
-16.548973 -1.741767 -6.496846 12.352611 -10.416430 -10.930031 -4.658619
-28.884441 -3.391406 -9.176824 23.282867 -21.863752 -17.438906 -11.327651
-19.126320 -3.395144 -8.102350 12.663667 -16.050495 -8.193872 -4.663338
-26.919220 -3.404615 -8.799879 21.176945 -22.234221 -14.878124 -10.595709
-21.616211 5.272494 -15.844178 17.989679 -15.640240 -18.280146 -8.550938
-29.619022 -6.860086 -5.468885 21.481537 -18.311941 -17.878311 -9.465281
-19.380924 -8.201880 -1.465262 11.775567 -15.373697 -6.890292 -5.645794
-22.736214 -6.175154 -4.580172 15.246285 -17.633339 -10.051110 -6.256753
-25.210043 -7.066335 -5.228529 16.230164 -15.460614 -12.692700 -5.524859
-23.632828 -5.206697 -6.537037 17.028505 -16.755733 -12.098834 -6.666223
-21.876362 -0.277483 -10.113183 18.365301 -20.549852 -12.833023 -9.457379
-22.477859 -2.090497 -8.968122 17.539581 -17.770815 -13.581901 -8.500004
-21.308950 1.828116 -13.147359 16.412107 -15.602802 -14.873370 -6.150355
-20.255865 -1.137282 -8.651318 16.507607 -15.025166 -13.653545 -7.667949
-20.383236 -7.293771 -1.978320 14.171506 -17.374189 -10.566123 -8.522722
-20.789549 -1.152148 -9.418248 16.112432 -15.725475 -12.041468 -6.466930
-17.807169 4.355369 -13.158016 15.892933 -14.031341 -15.593703 -8.472947
-20.246611 0.058310 -10.483267 16.439631 -15.488840 -13.305339 -7.011105
-9.744955 -1.776580 -21.811338 -12.845467 15.982514 -26.243343 0.829843
-10.363066 0.557856 -20.805321 -10.474147 14.164948 -25.054678 -0.288804
-10.737268 -0.865057 -22.582901 -12.369763 15.977118 -26.763235 0.503570
-9.199031 -0.191841 -18.042080 -11.487276 12.235231 -20.755512 -0.307155
-7.653264 -4.348951 -18.714981 -15.998716 15.221395 -21.385069 1.944065
-5.710306 -3.517780 -15.429013 -13.577961 12.379821 -17.456299 1.144462
-8.911973 -2.846197 -21.183159 -12.905282 15.780832 -25.662739 1.439727
-10.602142 0.907830 -21.149292 -12.841619 14.841104 -25.121244 -1.478287
-9.428324 -1.261041 -20.113989 -12.705871 14.240536 -22.703281 1.221469
-11.033297 0.501890 -22.591948 -11.579585 15.458468 -26.296171 -0.060982
-7.493496 -2.777101 -19.934336 -12.717402 14.555227 -23.451036 1.211687
-9.938378 -2.000103 -21.410284 -11.077587 14.827260 -25.148577 2.069435
-7.847290 -1.366310 -18.338127 -12.664089 14.271623 -22.299580 0.157810
-7.776208 -1.660243 -18.052982 -12.103870 13.710865 -21.862091 0.685506
-7.109853 -2.148381 -16.658077 -11.949509 12.948649 -20.153807 0.691306
-10.456872 0.928991 -21.051348 -11.782269 14.425809 -25.075926 -1.257294
-9.678481 -1.801429 -22.259771 -13.032741 15.673877 -25.986826 1.079772
-12.811625 -3.633917 -19.271584 -9.130363 13.983764 -23.802393 3.430331
-6.085118 -2.005715 -16.233109 -10.298978 11.547465 -18.882458 1.056018
-5.766118 -0.308301 -15.021480 -8.640975 10.776505 -19.070103 -0.703543
-4.675419 -2.611075 -15.722252 -10.257676 11.262104 -18.675312 1.029356
-8.371015 -1.287352 -20.513597 -12.294790 14.828588 -25.000637 -0.386465
-9.558436 -4.889996 -21.915979 -13.763183 16.640135 -26.530325 2.920621
-19.012245 -3.122858 -25.893421 -9.605606 19.355577 -34.190819 2.787518
-7.069270 -2.673538 -19.559580 -11.452489 13.706652 -22.898825 1.436803
-8.427204 -0.702590 -21.200420 -11.307994 13.847209 -24.437351 0.019348
-5.753946 -4.017204 -18.903891 -12.898053 14.000845 -22.971046 1.420972
-8.543705 -4.226437 -20.680342 -13.043049 14.176650 -23.732075 2.869879
-7.114591 -5.169355 -19.004129 -15.504472 14.506036 -21.915339 2.472274
-5.369637 -4.677845 -17.056669 -13.706324 12.971482 -20.190895 1.907640
-7.676234 -1.535030 -19.420332 -13.072024 14.741792 -23.349077 0.014476
-8.983888 -4.108221 -20.231108 -14.478371 16.735622 -25.392122 1.416908
-6.094619 -4.806117 -17.037523 -15.090932 14.056466 -20.471462 1.606091
-12.702545 -2.485410 -24.925438 -13.821142 19.050276 -30.665266 1.356536
-7.748292 -3.975418 -18.301531 -14.706357 14.780533 -21.719818 1.752372
-11.750054 -3.271039 -22.600513 -14.450469 18.455297 -28.646093 0.898315
-7.309016 -1.271508 -17.610918 -11.806415 13.244736 -20.749746 0.264462
-9.828372 -1.354168 -20.839046 -13.036077 17.181778 -27.371588 -1.227295
-7.724121 -3.059824 -18.984669 -13.505277 14.997111 -22.930309 1.262448
-12.937175 -2.147122 -23.631144 -12.607405 16.762987 -27.661404 2.446557
-5.734305 -3.828878 -17.080091 -12.177971 12.920270 -21.092976 1.330417
-9.280770 -2.807972 -21.449278 -14.699927 16.904358 -26.503187 0.466313
-2.778949 -2.538418 -14.186025 -14.239052 9.967416 -13.607636 -1.507670
-9.261924 -3.427958 -21.139894 -14.991594 15.783972 -24.071165 2.130281
-5.366249 -1.284400 -16.451660 -13.474968 10.916704 -15.079846 -0.804389
-8.423382 -1.154735 -17.835327 -13.877917 12.652728 -18.236298 -0.638901
-2.569696 1.577422 -12.533051 -7.140351 8.075760 -15.948824 -2.592354
-6.886982 -2.790976 -17.982494 -15.423822 13.606780 -19.457415 0.127741
-8.856060 -3.672069 -22.515205 -15.209845 16.931391 -27.251030 1.347844
-5.228954 -3.045913 -14.184453 -11.943373 11.077845 -16.038160 0.740820
-16.415369 -28.413429 -5.107799 -19.729172 -34.198612 18.790010 3.704546
-11.715155 -22.573889 -4.016254 -17.059387 -25.809677 14.360868 3.630413
-14.929027 -27.556921 -5.140496 -19.583094 -32.724552 18.724693 3.703273
-6.235684 -16.316898 -3.027223 -13.384099 -17.607775 10.038437 1.668882
-3.695676 -14.347419 -2.248565 -12.376730 -17.003180 10.166350 -0.167967
-7.131584 -16.657789 -1.749822 -12.060164 -19.691492 11.349293 0.988727
-9.174566 -19.934517 0.036219 -13.319922 -22.867519 12.047880 0.872444
-6.958978 -15.658627 -1.988690 -11.678402 -17.394007 9.376893 1.478110
-7.406351 -18.054693 -2.468765 -13.456583 -21.314699 12.817118 0.909737
-7.886106 -18.589062 -0.642081 -12.661638 -21.324162 11.302443 0.909332
-6.888608 -17.326759 -2.559799 -13.409187 -20.324749 12.312268 0.886359
-6.859871 -15.368507 -2.091586 -11.404210 -16.898100 8.939212 1.645367
-9.289971 -20.434284 -4.847977 -15.498679 -24.624714 14.882357 1.959943
-7.582679 -17.700275 -2.915559 -13.267114 -20.433342 12.038187 0.970444
-2.602525 -12.788790 -0.596206 -11.250823 -15.043365 8.497846 -1.146939
-3.935619 -11.286189 -2.105518 -8.946992 -13.747332 7.898535 -0.331730
-5.186056 -14.273345 1.289775 -9.653782 -16.724316 8.065876 -1.537408
-8.687512 -21.833939 -4.322938 -17.869255 -25.154921 14.659404 2.719691
-7.035485 -15.535336 1.017652 -9.916864 -17.906088 8.388535 -1.634258
-8.654676 -18.179996 -3.934341 -13.656478 -20.926699 12.555461 2.590405
-7.742114 -19.162685 -3.764284 -15.190187 -21.993946 13.490331 1.611109
-7.631062 -17.714945 -0.270931 -12.014233 -21.060270 11.268764 0.271686
-8.227562 -17.677567 0.070374 -11.834977 -21.680817 10.869757 -0.594647
-7.851909 -16.011259 0.321677 -9.807920 -19.442715 9.853024 -0.434039
-8.883434 -18.005213 -0.520257 -11.181696 -21.577551 11.105108 -0.549656
-4.046816 -11.234255 2.184549 -7.052090 -13.461563 5.795019 -2.070786
-5.128797 -14.391794 -0.668072 -10.679712 -17.818535 9.437396 -0.829418
-9.915337 -15.795346 2.178022 -6.959366 -18.225409 7.093784 -1.530790
-4.927819 -15.319400 0.939020 -11.704852 -18.282291 8.842308 -1.763467
-5.861999 -15.956291 -3.443168 -13.280857 -17.976135 11.097793 1.359598
-9.941813 -19.492216 -1.290389 -12.355157 -22.833441 11.777147 0.156235
-10.386228 -17.548639 2.300648 -7.852435 -20.586414 8.537842 -2.074563
-6.817279 -15.398161 -0.939414 -10.646635 -18.339859 9.707635 0.020767
-4.956322 -13.796926 -2.394353 -11.166730 -15.759922 9.092027 0.631864
-9.583300 -20.910574 -3.705126 -15.862479 -23.620062 13.593319 2.735154
-11.918683 -21.594416 -5.338599 -15.844091 -24.110018 13.845596 4.611547
-15.359130 -26.930195 -2.608399 -18.258476 -31.223759 16.407541 2.913559
-17.744987 -30.082159 -5.198273 -21.071596 -35.244015 18.824883 5.390728
-7.279475 -16.191195 1.493050 -10.243761 -18.594936 8.645553 -0.680425
-7.710483 -16.478943 -0.279253 -10.891600 -18.832756 9.834542 0.433842
-6.600124 -16.248192 -1.213227 -11.609248 -19.198320 10.922487 0.178633
-8.099558 -17.827868 -0.095852 -12.623582 -19.450310 9.862405 0.893449
-5.015745 -15.282965 -3.363434 -13.172418 -16.841963 9.654327 1.308595
-6.266438 -16.548445 -2.487758 -13.956890 -19.608902 11.088100 1.402431
-9.252554 -18.869635 0.021566 -11.485888 -23.310411 11.613671 -0.962878
-8.997699 -17.139469 1.745965 -8.832894 -20.203667 9.143736 -1.507798
-3.946911 -13.680243 0.012048 -10.671732 -16.578735 8.651630 -1.381091
-8.821737 -15.003369 0.351700 -7.579669 -17.833193 7.867515 -0.934004
-9.378733 -18.735826 0.519468 -11.291243 -22.114187 11.282415 -0.419723
-8.939660 -16.570196 0.064200 -9.966282 -19.136261 9.065136 0.904941
-21.503185 -12.838581 -20.563036 -10.015920 -3.901562 -4.069385 16.738655
-27.752243 -18.366005 -24.670456 -15.134506 -3.393901 -6.084018 22.195814
-29.912825 -18.199261 -16.824156 -5.922336 -10.307214 -4.783695 17.701614
-39.933388 -20.372568 -29.319071 -8.986251 -8.684110 -9.293904 26.163143
-24.651300 -17.285896 -20.398609 -12.196362 -6.603107 -3.113112 19.250820
-21.731230 -14.403874 -17.623995 -8.733830 -3.937591 -6.053730 16.486826
-16.913420 -10.699185 -15.228861 -7.526400 -2.364877 -4.412686 13.145782
-18.509483 -11.951696 -11.441879 -6.085836 -1.891348 -5.731501 12.201525
-18.790382 -12.507654 -15.719410 -8.100817 -2.548960 -5.434599 14.385254
-19.548353 -11.968103 -17.735159 -7.848441 -1.753186 -6.812287 15.050049
-20.910217 -10.727898 -16.211182 -5.907561 -0.469987 -7.823885 14.080386
-17.663237 -13.293704 -12.105284 -6.816400 -6.703357 -1.691138 12.939843
-27.375025 -16.254498 -20.544418 -7.157251 -10.645535 -3.830403 18.407825
-28.744028 -19.433645 -27.267929 -14.440650 -10.776243 -1.587991 23.789272
-20.478018 -14.447469 -16.797253 -10.639251 -3.686145 -3.883291 15.887524
-21.328402 -14.432859 -17.708210 -9.580937 -3.464994 -5.516941 16.531782
-19.927715 -12.163030 -19.421955 -8.566143 0.489310 -8.601700 15.853276
-33.060616 -20.886297 -21.814947 -9.000675 -11.980805 -4.934937 22.184135
-24.631552 -13.061749 -19.878311 -8.335999 -3.220001 -6.551232 17.095171
-25.581072 -14.333268 -18.875725 -6.591839 -8.189718 -5.307280 17.021910
-25.943953 -14.268082 -20.267620 -7.693734 -1.023405 -9.741420 18.552120
-27.017305 -14.586709 -20.984806 -7.319648 -5.205330 -7.443233 18.890041
-12.499652 -8.730022 -10.342724 -7.384586 -2.476538 -2.968561 7.809964
-17.143805 -13.001166 -18.048532 -13.190514 -2.016335 -3.918713 14.639891
-20.059172 -14.192026 -18.659788 -12.083344 -0.473831 -6.050596 16.457951
-22.159534 -14.558245 -17.565168 -8.321632 -1.239439 -9.150139 16.293278
-22.521576 -14.433523 -16.666208 -9.262128 -2.381004 -6.430053 16.308468
-26.148548 -15.438240 -19.529043 -8.416080 -1.387388 -9.331015 18.603823
-24.143021 -10.366337 -17.963085 -4.291990 -1.623703 -9.861481 14.709915
-19.227457 -10.409945 -14.064556 -3.260099 -0.325132 -11.026616 11.257342
-18.041161 -9.914907 -15.958615 -8.998837 0.209578 -6.530526 12.717636
-21.199675 -13.112091 -19.832371 -10.111548 -0.098475 -7.586394 17.086119
-19.788263 -12.637401 -15.710183 -8.660614 -1.161664 -6.127239 14.272262
-22.118101 -12.389498 -19.465410 -7.781847 1.850924 -11.064009 16.170774
-20.917330 -12.354678 -14.406546 -6.204996 -1.282432 -7.494839 13.506765
-25.171890 -10.753856 -22.753460 -7.050838 2.715198 -13.193000 17.673792
-14.198083 -11.754160 -14.654662 -11.934076 -3.078498 -1.136267 11.072804
-18.595327 -17.139214 -17.510420 -14.964599 -7.312268 0.651238 16.088840
-25.822840 -15.822751 -21.754642 -8.745014 -5.209654 -7.315655 18.980377
-23.135660 -11.196205 -20.437496 -7.736347 4.315472 -13.722574 16.588505
-36.339958 -27.111031 -15.568187 -8.879559 -16.631735 -2.185924 20.179544
-25.247292 -10.151964 -21.180988 -4.418342 1.709523 -13.571943 16.264992
-18.015320 -12.984172 -13.707966 -7.449699 -4.670014 -3.146712 13.252261
-16.886421 -11.310369 -12.780253 -6.396613 -2.663425 -5.112290 12.319133
-20.746162 -10.872831 -18.490507 -8.429324 2.627434 -10.181216 14.876363
-21.075945 -13.903552 -16.645632 -9.358267 -4.296672 -4.124876 14.504613
-23.082405 -13.938060 -17.405134 -8.752213 -1.551886 -6.960873 16.856907
-34.421333 -21.102831 -24.919420 -12.359122 -5.300444 -8.037516 25.497740
-17.799082 -11.432356 -12.861365 -8.144967 0.537775 -6.606221 11.702547
-29.325581 -13.608045 -24.602608 -10.337304 0.711996 -11.034610 20.582787
-9.230350 12.288446 -19.392076 1.104315 -1.342593 -19.761650 -8.002851
-9.200846 12.169765 -18.572254 0.721795 -0.009600 -20.521769 -9.603121
-12.698113 18.030848 -23.890934 4.688848 -9.685237 -23.666183 -14.402313
-10.948886 14.718344 -19.963987 2.522924 -5.378630 -20.640478 -11.685928
-11.886266 15.226071 -23.839249 -0.527061 -0.141828 -24.670132 -10.797549
-10.850922 14.966295 -21.045467 1.601194 -3.493225 -21.601830 -11.756212
-14.404135 18.899378 -25.955851 4.283641 -7.326239 -26.561249 -15.088330
-10.035451 14.094194 -19.171257 2.009894 -4.680197 -19.905684 -10.768682
-10.088666 13.777622 -19.786039 -0.547736 -1.656392 -20.342949 -9.983511
-11.055134 15.136319 -21.297684 0.378986 -2.157844 -22.313816 -11.422709
-11.296145 15.084873 -21.424799 0.954412 -2.538923 -22.357855 -11.580525
-12.445130 15.117633 -22.697035 0.631242 -1.813239 -23.020357 -10.790570
-16.210352 19.328735 -28.627306 3.465492 -4.714333 -29.065832 -14.045993
-11.693404 15.727883 -22.798338 0.999164 -2.975157 -22.754679 -11.079813
-11.433056 16.103003 -22.321432 1.677019 -4.382024 -22.341017 -12.091704
-11.605538 16.415173 -22.535574 0.178027 -4.698498 -22.098793 -12.998807
-7.192078 11.330810 -16.838814 -2.375093 -0.144881 -18.376825 -9.725372
-6.834087 11.506593 -15.327407 -1.376123 -1.097519 -17.289133 -10.856411
-8.481954 11.118215 -18.493101 -3.417269 2.634336 -21.178120 -9.762999
-6.842597 10.411974 -15.991160 -1.245445 0.393436 -17.112001 -7.902174
-11.224819 14.130928 -20.860945 -0.583876 -0.449860 -22.737320 -11.919146
-11.064009 15.444501 -20.602331 2.421843 -4.978918 -21.857479 -13.555596
-5.777383 10.672800 -15.004523 -1.252727 -0.355777 -17.036095 -9.469238
-8.268867 13.253301 -19.081829 -2.195723 -0.247421 -19.974403 -10.364260
-12.240889 17.165415 -22.474382 3.029766 -8.103592 -22.314995 -14.362676
-10.679606 14.432729 -20.167229 1.665107 -4.197281 -20.400976 -10.594450
-16.378292 22.494242 -29.995317 4.299238 -8.845317 -30.457478 -18.689474
-16.663273 22.615376 -30.557112 2.483703 -5.191413 -31.956516 -18.376089
-15.899327 21.349758 -27.644258 5.232319 -10.893310 -27.691702 -18.332727
-13.797725 18.223793 -23.873356 3.366787 -6.694997 -24.980188 -15.178145
-10.639205 15.565880 -21.543791 0.991973 -3.440065 -22.511679 -12.201267
-9.044254 12.309763 -16.568033 2.956379 -5.754811 -17.208822 -9.814754
-10.366702 15.427465 -20.895485 1.940582 -5.600734 -20.789434 -12.436084
-7.461536 11.579602 -16.200815 -0.558559 -1.672435 -16.303560 -9.008690
-12.962394 18.267801 -24.678770 1.582301 -5.868380 -24.730188 -14.184164
-12.296739 17.946905 -23.582739 1.933222 -6.112155 -24.062517 -14.445676
-10.696436 15.290660 -21.652225 1.022643 -5.221254 -20.668234 -11.643797
-7.483441 10.568493 -16.027262 -1.427877 -0.723127 -16.042778 -7.596103
-6.946789 11.726452 -15.680664 0.371884 -3.788436 -15.873645 -9.569320
-9.144896 13.324839 -17.341940 1.213116 -3.710749 -18.916769 -11.775614
-11.330124 16.212252 -22.231949 2.207965 -5.246235 -22.180805 -12.105663
-10.021383 15.213607 -19.735249 2.525908 -6.390324 -20.587727 -12.758607
-11.318770 15.218233 -21.310108 1.158738 -3.250780 -21.977049 -12.237798
-13.004807 17.956427 -23.887693 1.419844 -3.979930 -26.057047 -15.624540
-8.594323 12.963258 -17.480471 1.760572 -4.731552 -17.986671 -10.895994
-7.209353 10.742748 -16.114689 0.401756 -0.958709 -18.273554 -8.833070
-7.907372 12.003223 -17.192886 -0.530313 -1.268666 -17.974621 -9.848308
-8.545911 13.514393 -18.876791 -1.039650 -1.405674 -19.773472 -11.110015
-11.787805 16.876366 -22.249905 3.802587 -7.921586 -22.335688 -13.641883
-10.941031 15.475056 -21.109407 1.476401 -4.797720 -21.325882 -12.038239
-33.999218 -32.313740 24.664597 2.491193 -32.728363 -9.940706 -19.422043
-30.236687 -30.034824 19.510996 0.451390 -31.242954 -2.758786 -11.398826
-14.738257 -18.382782 13.363255 -3.719946 -18.522982 -1.712908 -9.411480
-19.004328 -21.068520 13.163146 -2.356353 -23.157492 0.410016 -7.873773
-23.863911 -24.832491 17.716034 -0.515958 -26.377283 -3.562951 -13.364361
-24.081532 -24.220953 16.329208 0.048758 -26.491982 -2.474338 -11.753255
-21.258396 -22.953392 13.824313 -2.428746 -24.249352 0.294038 -8.581234
-26.767288 -26.645044 18.522402 0.136993 -28.499067 -4.061050 -13.370749
-27.700010 -29.257086 18.310190 -1.980379 -32.501358 0.898276 -11.114827
-27.098108 -30.279697 13.400426 -5.865523 -33.008118 6.410481 -5.061687
-13.888207 -16.990341 12.525669 -2.009499 -17.185856 -2.488817 -9.348747
-16.942181 -18.126564 12.566321 -0.598134 -19.160503 -1.980717 -8.801717
-15.810547 -18.258947 13.578554 -1.554224 -18.340347 -3.014171 -9.853108
-19.993929 -22.595982 13.896636 -2.988177 -24.236681 -0.014246 -8.073883
-14.004827 -17.407894 10.597404 -3.399633 -18.698765 0.996102 -6.587787
-12.925651 -13.971599 8.308186 -0.822239 -16.540009 0.302403 -6.285381
-33.417751 -32.611214 24.275419 1.073901 -34.999279 -6.969054 -18.995544
-25.891907 -26.382177 17.840128 -0.459697 -28.648275 -1.811992 -11.147181
-16.321564 -17.359320 9.677735 -1.638656 -15.174597 -2.969779 -5.638122
-12.573665 -14.277015 11.890705 -1.239740 -15.238010 -4.897015 -11.607508
-23.511145 -24.758923 16.623711 0.018113 -25.507576 -1.955310 -10.473776
-25.940817 -26.596785 18.049257 0.005336 -27.929504 -3.062609 -11.720149
-20.894814 -22.955454 16.804541 -1.538142 -23.352650 -3.676388 -12.143361
-23.039179 -25.000694 17.019934 -2.264426 -25.522877 -1.990610 -10.495706
-24.843966 -25.175060 17.915859 0.818287 -26.005150 -4.415889 -12.267153
-15.989804 -19.056101 12.605070 -2.769194 -20.715343 -0.155342 -8.188375
-16.932741 -17.488251 13.142539 0.797147 -17.671379 -4.508230 -10.016505
-14.002059 -14.087468 10.752048 1.385705 -14.712585 -4.986930 -10.261141
-22.849131 -23.074287 16.219339 0.452739 -23.372561 -4.205041 -11.256057
-21.283409 -23.108152 13.955411 -3.325116 -25.042936 0.489418 -7.289331
-21.307098 -24.365135 15.229507 -3.014682 -26.226227 1.100182 -8.733735
-24.101583 -26.032579 16.269268 -2.608683 -27.141291 0.057083 -8.854505
-16.013317 -18.429131 12.113423 -2.337314 -20.432173 -0.308489 -8.118876
-22.188833 -23.508163 14.499119 -1.661111 -25.944138 0.226802 -9.293533
-12.957525 -15.646648 11.510165 -2.034643 -16.844313 -1.302885 -8.302656
-18.930202 -20.031054 13.951038 -0.561473 -21.506819 -1.985380 -9.478150
-15.236539 -17.530575 12.941135 -1.486022 -18.558943 -2.290496 -9.981654
-8.597106 -10.700227 7.718221 -1.512643 -10.859274 -1.633042 -6.589599
-23.159487 -23.546207 18.341787 0.996974 -22.790367 -7.802078 -14.404412
-19.819286 -20.733610 15.081445 -0.756755 -22.398890 -3.349614 -11.589016
-21.322290 -23.148939 16.426279 -1.882250 -24.270100 -2.366863 -10.985828
-21.474329 -23.312023 11.305517 -2.974021 -26.101667 3.189428 -5.992143
-23.468487 -25.225252 18.391781 -1.585964 -25.859158 -3.997799 -12.960385
-17.902109 -20.432659 14.500037 -2.651589 -20.948723 -1.623565 -9.655867
-14.881851 -19.350363 10.972202 -4.726984 -21.084337 2.437299 -6.310801
-21.218092 -22.830032 11.793670 -3.374301 -25.286613 2.893989 -6.846493
-24.631779 -24.240381 15.304504 0.632060 -24.813808 -2.349821 -9.348443
-24.983070 -23.871538 14.292856 1.918442 -24.365919 -2.747086 -8.368237
-28.399872 -29.275070 19.323164 -0.574851 -30.585182 -2.186277 -11.915150
-24.339640 -26.084412 16.586279 -2.214044 -27.774887 -0.244395 -9.801700
-18.253580 0.559666 -12.100051 12.901092 -14.937294 -10.052676 -3.404416
-25.819658 -5.383698 -10.785514 16.496807 -18.244978 -12.581614 -3.560272
-26.701708 -8.428493 -4.104852 18.337271 -21.100924 -11.250135 -9.019241
-16.448973 -4.535531 -3.524760 11.612326 -13.785718 -8.668643 -6.675538
-26.898314 -5.528658 -8.687606 18.599686 -20.986786 -11.893447 -6.831985
-27.776257 -5.517077 -9.382380 19.085447 -20.401842 -13.407524 -6.370458
-22.832472 -3.316027 -9.985777 15.894515 -15.920263 -12.287950 -4.192727
-26.501032 -2.375082 -13.217078 18.521578 -16.625452 -15.489700 -4.285118
-17.864950 -6.367704 -4.108603 9.394840 -13.913546 -4.622825 -2.311086
-16.081207 -6.947000 -0.461242 9.405614 -11.618252 -6.399632 -4.062189
-11.561201 -0.634621 -5.106176 9.523607 -7.598112 -9.090225 -4.349790
-15.846189 -5.051416 -3.591955 9.358944 -10.032944 -7.276467 -3.370292
-21.442251 -4.008212 -7.394612 15.543311 -18.890907 -9.788935 -7.305425
-20.276196 -5.033014 -3.715587 15.285315 -16.483805 -10.767502 -8.428181
-24.077545 -9.236402 -1.871668 14.540900 -18.177223 -9.512255 -6.738334
-24.644291 -6.852169 -4.533632 17.014128 -16.452614 -12.105243 -6.182813
-30.366150 -5.605896 -9.144279 22.531897 -25.393084 -14.925498 -11.325027
-31.883268 -8.433346 -6.818483 22.253658 -22.966694 -15.544249 -9.258058
-31.470217 -3.466763 -11.929942 24.283392 -22.498598 -18.734556 -9.794634
-23.006344 0.025048 -12.119740 19.002262 -16.640553 -15.909915 -6.826910
-15.459030 -3.979751 -3.749439 11.125947 -13.014679 -7.066048 -5.447481
-25.766771 -12.785827 -2.555044 10.621235 -17.898607 -7.039206 -1.544373
-16.858099 -0.843548 -7.905595 12.943325 -13.665842 -10.824290 -6.382251
-20.018826 -5.310293 -4.571964 13.261909 -11.372111 -11.051602 -4.469063
-37.838749 -15.362901 2.669332 23.633722 -30.362720 -17.069231 -16.154371
-26.438679 -9.024240 -2.635139 17.721678 -20.933495 -10.945755 -8.660398
-16.839506 -5.112661 -3.042080 11.630014 -11.766548 -8.198643 -4.439122
-11.771216 -0.262748 -6.961871 8.013657 -8.166545 -7.538783 -2.084808
-17.060276 1.659506 -12.790700 11.437807 -8.659622 -12.549448 -1.810843
-20.877752 -8.649190 0.126143 11.997481 -11.873080 -10.985320 -5.817010
-19.917265 -7.056314 -2.136859 12.881187 -17.249615 -8.772992 -8.053789
-13.600723 3.342835 -10.386751 10.028058 -8.961958 -11.351061 -5.580331
-29.124235 -4.708629 -9.504602 21.141603 -22.255175 -15.408746 -8.548039
-24.077660 -6.260322 -5.083901 16.826488 -17.337734 -11.156590 -7.108739
-34.933147 -6.937375 -10.103047 24.965599 -26.019339 -17.721714 -9.638736
-25.423403 -3.310178 -10.995270 17.260178 -18.090887 -14.240356 -5.589205
-27.866182 -7.790074 -6.637209 17.692551 -21.212759 -10.938596 -5.519578
-27.334061 -6.167067 -7.131358 19.000532 -19.144724 -13.629225 -7.080015
-18.085583 -7.486271 -2.221707 9.676379 -8.174293 -9.608130 -1.937477
-18.240129 -4.702646 -3.588798 13.276782 -12.379729 -11.887831 -7.239632
-23.538795 -9.854427 -1.228963 14.791935 -18.140884 -9.338765 -7.754337
-21.377228 -6.021313 -4.143265 13.675270 -13.450211 -10.449045 -4.968422
-25.235065 -9.361217 -2.549365 16.508068 -21.129950 -9.556340 -7.914063
-21.319759 -0.923463 -11.381658 15.121766 -16.513548 -11.858337 -5.252558
-26.507008 -5.770691 -6.620076 18.896757 -21.190901 -12.839617 -8.116817
-20.769445 -2.187760 -7.579312 13.585144 -13.210311 -12.294658 -4.937782
-20.453045 -3.808156 -7.263371 14.701268 -17.074883 -9.447079 -6.070491
-20.491022 -3.757318 -6.954603 14.447303 -17.090179 -9.120946 -6.596488
-24.603008 -8.690347 -6.052116 14.311336 -19.663639 -7.882767 -4.152482
-20.546913 -0.557187 -10.956871 15.475749 -15.702951 -12.442204 -5.379503
-11.149420 -0.201714 -19.541721 -7.074482 12.667323 -23.634338 0.645306
-15.279310 -0.761406 -25.119162 -10.076424 14.953414 -27.294975 2.422595
-8.769138 -1.029873 -21.712584 -13.471288 16.127043 -26.372292 -0.599069
-12.291250 -1.034643 -23.762739 -13.308549 17.013454 -28.264313 0.935568
-11.274815 3.533413 -23.163422 -8.064563 12.566363 -26.392498 -1.911246
-11.196766 -1.011627 -23.737686 -11.839595 15.762309 -27.090513 1.741561
-7.164351 -1.499716 -18.840786 -11.631671 13.463750 -22.311361 0.188843
-11.789130 -4.180198 -22.685368 -13.677708 17.710396 -27.847557 3.146365
-6.977354 -0.578095 -18.698759 -10.548567 12.512893 -21.946335 -0.438679
-14.473064 -2.166932 -26.991480 -13.815604 18.190004 -30.897154 3.047590
-7.640587 -1.303271 -17.182537 -9.737975 10.843350 -19.881138 0.464740
-13.398468 0.022640 -24.079811 -12.384123 15.848649 -27.981388 0.189132
-9.027238 -2.391297 -21.290243 -12.029259 15.398417 -25.054941 1.336301
-13.370702 0.185516 -24.151152 -9.941208 14.981059 -27.098274 1.637955
-7.537217 -0.399901 -18.991037 -9.601046 12.459221 -22.411558 -0.544102
-13.481022 -1.401008 -25.980219 -13.300130 17.459003 -29.311865 2.206731
-2.078526 1.489329 -13.529907 -7.998079 8.095008 -16.214798 -2.576669
-9.973230 -2.823614 -23.915503 -15.159013 17.217525 -27.400572 1.903956
-3.791995 -2.021531 -13.256371 -11.075079 10.649949 -16.185684 -0.248183
-3.865585 -4.177299 -14.817266 -12.928935 12.278323 -18.758486 0.707710
-5.809838 -1.458786 -16.288250 -10.085437 11.468789 -19.395306 0.279245
-11.959259 -3.708627 -24.307167 -14.322062 16.748327 -27.609377 3.567174
-3.924411 -3.323525 -14.703294 -11.853025 11.800469 -17.948956 0.740072
-8.359055 -5.185624 -19.487715 -17.486540 16.740063 -22.856318 1.841746
-13.658340 -0.747145 -25.999500 -12.375357 16.557676 -28.605143 2.495257
-19.136591 -1.195758 -33.986763 -15.291402 23.510689 -39.410339 2.939333
-4.224803 -2.799040 -14.667162 -11.956955 12.923594 -19.934925 -0.939555
-7.783007 0.094744 -19.384033 -12.826571 14.605719 -22.897589 -0.784806
-4.480329 -1.096256 -13.061878 -10.040005 6.977694 -11.772936 -0.642636
-11.873425 -2.999661 -21.701664 -16.463205 17.091293 -23.880243 1.461877
-5.124476 0.089348 -16.693171 -9.062660 11.378451 -20.339613 -1.532037
-12.414948 -0.873242 -22.190306 -15.310416 15.693471 -24.296661 0.118854
-7.713995 0.729798 -18.850197 -11.730120 12.914879 -22.340908 -1.499826
-10.244739 -0.548887 -19.825544 -12.787985 14.668705 -23.302113 -0.238347
-5.823091 -2.119839 -19.013386 -12.610087 13.681243 -21.778406 1.138300
-12.340570 -1.127589 -23.604261 -14.121071 17.019602 -27.863966 0.655412
-4.329924 -1.985799 -15.435668 -10.553782 11.527592 -19.283400 -0.469283
-5.806854 -3.687444 -17.764198 -12.283546 12.672064 -21.138250 1.691771
-6.708740 -1.539546 -18.202990 -11.448982 13.214890 -21.991989 -0.034717
-9.482108 -2.065959 -21.133707 -12.107514 14.554474 -24.722046 1.888660
-3.370335 0.495003 -13.200362 -9.186225 10.168297 -17.581106 -2.443494
-4.442604 -3.802830 -15.360620 -13.212325 12.117394 -18.086018 1.072060
-4.641356 -0.931468 -17.375736 -11.346662 12.946158 -21.423752 -1.345115
-16.919514 2.207970 -28.666815 -10.947958 16.255196 -32.210579 0.514826
-5.096439 -2.234929 -17.105633 -11.892475 13.232464 -21.146547 -0.285775
-13.741445 -4.605072 -26.406296 -14.696520 18.203873 -29.905796 4.548842
-4.927834 -0.926971 -11.849637 -8.389051 9.081572 -14.656375 -0.214790
-9.856586 -3.259809 -21.416580 -14.691785 16.990900 -26.132490 1.208298
-2.892064 -4.031345 -15.031667 -11.323365 10.491396 -17.527853 1.138804
-10.963034 -3.704545 -24.735088 -14.659104 17.560801 -29.137995 2.608182
-9.692303 -22.438456 -4.869101 -17.603619 -26.732937 15.282582 2.717773
-17.231663 -30.621105 -8.319777 -23.474905 -36.316761 20.998871 6.541792
-9.949591 -21.975136 -5.673663 -17.386930 -27.195080 15.457811 3.016645
-13.957038 -27.968302 -7.044064 -21.993568 -33.532440 19.879030 4.875283
-13.786146 -23.005226 0.834903 -14.122301 -28.286491 12.441760 0.257981
-17.035498 -25.813869 -3.155453 -16.141171 -28.585819 14.545463 4.670549
-4.856478 -15.361650 -3.969905 -13.604901 -17.429995 9.852923 1.893627
-14.459866 -24.590513 -2.300150 -14.995573 -28.336428 14.852512 3.486638
-3.772779 -12.338205 -0.458925 -10.515879 -14.088329 6.782701 -0.576385
-8.564573 -19.357866 -4.742143 -14.915671 -22.945824 14.235213 2.104968
-11.491354 -21.122126 -2.102537 -15.009799 -26.042112 13.085481 1.767189
-16.160248 -28.121351 -3.584527 -18.613047 -33.604839 18.126945 3.682464
-10.015294 -20.052872 0.488043 -12.253111 -24.161221 11.021500 0.681233
-13.611558 -25.127043 -5.088434 -17.186422 -30.813213 17.572807 4.061854
-11.232160 -21.677813 -4.473319 -16.196985 -26.773012 14.625635 2.379958
-15.853911 -28.442520 -9.429228 -22.679312 -34.143265 20.899172 6.702706
-10.820536 -24.075785 -3.751401 -17.759949 -31.096853 17.169865 2.226708
-15.116399 -27.157072 -8.253103 -20.256639 -32.904781 19.196001 5.746500
-8.301454 -17.374592 -1.937421 -13.061835 -21.551443 11.302936 0.864972
-11.637262 -23.275930 -4.578502 -17.801170 -27.669853 16.165556 3.484756
-8.117090 -20.382702 -2.430200 -15.730259 -23.918043 13.829769 1.487517
-18.631317 -30.958805 -11.254419 -23.514162 -37.297363 22.692488 8.505466
-10.384141 -22.246090 -4.508714 -17.140362 -27.877655 15.085682 2.165355
-13.680481 -25.927006 -5.052089 -19.528521 -30.414734 17.213602 4.305258
-12.235796 -23.729712 -1.578182 -16.112570 -29.890862 15.257520 1.089837
-16.297821 -29.689253 -10.867443 -24.049601 -36.951248 22.629610 6.906504
-9.164660 -22.364048 1.001082 -14.634905 -26.606888 13.010376 -0.022744
-11.235476 -20.548555 -6.426635 -13.110518 -28.183886 14.603340 2.234455
-12.931725 -22.400669 -2.165616 -14.814734 -26.369793 13.764241 2.822473
-18.363123 -29.934727 -8.640635 -21.991835 -35.424454 20.885479 7.187574
-8.953041 -19.192766 -0.458318 -13.419716 -23.061121 10.828522 0.406014
-10.522799 -20.529116 0.475910 -12.680838 -24.916756 12.711590 0.228167
-11.988908 -23.302431 -2.143885 -15.550700 -28.472734 14.433186 1.036712
-14.996234 -25.901976 -5.679101 -18.701860 -29.955549 16.759275 5.099881
-9.833733 -21.444077 -3.369799 -16.958986 -25.571487 13.353900 2.253103
-13.645840 -22.987995 -5.527781 -16.806412 -25.253632 13.974786 5.522954
-12.198411 -23.737114 1.391984 -15.136625 -27.526302 12.341228 0.388805
-16.197079 -27.038597 -1.721160 -17.799812 -32.299351 16.449108 2.999351
-10.357798 -21.498264 0.674555 -15.277985 -25.286325 12.082364 0.017621
-13.957974 -25.429611 -5.490589 -18.703213 -30.305132 17.474127 3.868450
-9.157394 -22.446390 -3.409087 -17.884335 -27.923767 14.992086 1.914106
-17.170652 -27.695444 -5.484988 -18.402826 -32.198029 17.779301 5.309535
-10.020437 -20.292599 -3.288044 -15.182262 -23.989027 12.446407 1.261063
-15.475881 -25.556198 -4.710516 -17.982841 -30.012577 16.061991 4.190380
-5.658859 -16.669895 -2.183207 -13.604555 -19.560595 11.169399 0.628918
-18.370016 -30.034216 -9.284264 -23.081125 -35.348133 19.946703 7.646768
-10.180458 -20.013201 1.453202 -12.989882 -24.715902 10.637939 -0.756705
-10.782182 -22.078476 -3.458089 -15.878455 -25.189264 14.563198 2.869290
-9.600015 -21.973345 -1.030682 -16.140257 -26.290760 13.062683 0.749661
-7.956346 -18.893255 -3.370674 -14.901945 -22.029732 13.157990 1.847284
-22.336548 -11.830156 -21.878361 -9.246977 -4.322400 -5.933546 16.861818
-30.202629 -16.797409 -23.558180 -8.644244 -4.888308 -9.057372 21.545956
-20.280033 -15.171031 -15.690775 -10.712502 -7.782208 -0.918554 14.874790
-19.393135 -10.994140 -18.544176 -8.773668 1.212593 -8.829978 15.394433
-23.760612 -15.774403 -18.068140 -8.500949 -8.955343 -2.536720 16.675034
-23.945982 -14.749966 -20.009069 -8.297805 -5.462498 -6.113810 17.907167
-21.965731 -15.377403 -18.364618 -10.546455 -8.480211 -2.122582 16.337454
-15.335533 -10.400204 -14.235956 -7.434472 1.305753 -8.242010 11.983751
-5.449823 -5.731003 -6.673254 -5.779183 -2.493200 -1.219509 4.789906
-13.174796 -14.208393 -13.404469 -13.735182 -4.769531 0.961801 11.649115
-16.521477 -13.272643 -14.753613 -10.056002 -4.643158 -2.780917 13.174603
-18.144796 -10.164839 -13.754111 -5.001403 0.915712 -8.839058 12.091313
-19.024668 -12.094306 -16.633856 -8.765086 -0.097385 -8.014022 14.485824
-19.378716 -17.374374 -17.376034 -14.955832 -2.410631 -3.452578 16.562843
-15.217359 -11.016505 -21.882917 -11.941021 3.157269 -12.129150 14.005755
-21.328005 -15.671009 -15.076459 -8.231098 -7.869758 -3.024756 15.877138
-14.199843 -10.447271 -14.550712 -9.510857 -0.238610 -6.003322 11.692886
-22.694424 -16.191782 -17.210920 -9.943461 -8.817144 -0.967393 17.176664
-22.375540 -14.272264 -15.684926 -3.620579 -11.897177 -2.566831 13.215817
-27.349184 -20.230082 -25.329195 -13.515318 -15.162712 0.901923 21.089314
-21.702209 -13.052195 -17.461567 -6.171149 -6.765992 -5.050426 14.419979
-26.610401 -20.251661 -25.682722 -15.136531 -10.736084 -0.903031 22.748991
-18.176151 -12.388068 -19.139875 -10.539425 -3.105020 -5.720947 15.082410
-30.763180 -17.167286 -24.383354 -9.330770 -5.769955 -7.622333 22.365141
-13.133122 -9.971505 -15.233909 -9.765190 2.446652 -8.803432 11.359445
-28.952921 -15.713015 -20.274916 -6.081526 -4.131723 -9.394571 19.259649
-15.969863 -13.422503 -4.466331 -4.479340 -5.581401 -3.682724 7.467455
-23.872906 -10.755244 -21.536777 -6.535786 3.096096 -13.523424 16.603264
-15.082607 -11.502606 -16.651958 -8.745137 -1.430901 -7.248343 12.439931
-27.291351 -19.819170 -24.225021 -13.639663 -17.536846 2.934087 20.963028
-21.445652 -14.022061 -14.911022 -5.031571 -6.757181 -4.168542 13.954494
-29.885509 -20.447309 -24.927702 -12.699420 -14.185561 -0.189155 23.101637
-17.724136 -11.695201 -16.039896 -5.971704 -9.299705 -1.929047 12.024413
-28.733072 -14.634182 -25.054811 -7.480890 -7.976367 -6.877791 20.014170
-14.571439 -13.459880 -15.547792 -12.201598 -6.146467 -0.145464 12.956363
-26.932766 -15.042158 -20.379473 -7.525153 0.782467 -13.034963 18.650618
-15.726395 -13.117401 -5.004193 -3.629710 -6.634777 -3.470850 7.253703
-24.327730 -13.659765 -16.165691 -6.239230 -2.964689 -7.365116 15.858812
-11.953925 -12.520991 -13.398955 -11.650906 -1.515527 -3.841430 11.433348
-20.928976 -15.815352 -15.010977 -9.745725 -7.631712 -1.211735 15.501464
-21.924969 -15.458951 -18.917288 -11.135452 -11.091091 0.197971 15.739326
-19.965687 -15.336797 -17.652319 -10.986272 -7.067629 -1.737842 16.403383
-17.738552 -11.421707 -17.420956 -7.349764 -6.673203 -3.072889 13.054583
-27.656654 -14.266150 -23.652227 -8.418797 -5.721508 -6.045682 19.679434
-9.233065 -6.490038 -9.529132 -4.034978 -2.611467 -5.569707 6.117650
-19.123722 -12.616182 -18.248455 -7.436174 -7.592103 -3.713940 13.475022
-17.539614 -10.273909 -13.580482 -5.546892 -2.271793 -6.199237 12.084029
-28.424376 -22.548729 -17.185667 -11.326208 -17.951679 2.023587 18.844933
-16.375086 -12.573587 -16.696547 -10.893377 -3.726401 -3.862836 13.921942
-24.249784 -13.749348 -15.745246 -5.600530 -4.231420 -6.760024 15.587363
